Breakpoint 1 at 0x408fc9: file main.cpp, line 334.
Breakpoint 2 at 0x409135: file main.cpp, line 351.
To enable execution of this file add
	add-auto-load-safe-path /ofs_install/oneapi/2023.2/compiler/2023.2.1/linux/lib/libsycl.so.6.2.0-gdb.py
line to your configuration file "/home/wkrska/.config/gdb/gdbinit".
To completely disable this security protection add
	set auto-load safe-path /
line to your configuration file "/home/wkrska/.config/gdb/gdbinit".
For more information about this security protection see the
"Auto-loading safe path" section in the GDB manual.  E.g., run from the shell:
	info "(gdb)Auto-loading safe path"
[Thread debugging using libthread_db enabled]
Using host libthread_db library "/lib/x86_64-linux-gnu/libthread_db.so.1".
Running on device: Intel(R) FPGA Emulation Device
Params:
BKTS: 16
SLTS: 8
PPLN: 2
t1_xdim: 1
t1_ydim: 256 (max 256)
t2_xdim: 1
t2_ydim: 2048
join_column_value: 2
data_source_select: 5
hash_method_select: 1
timing_only: false

[Switching to Thread 0x7fff97fff640 (LWP 3879076)]
invalid tuple1
invalid tuple2


Pipeline 0
Phase       | Interval (clocks)
Build Phase | 1
Probe Phase | 251910


Pipeline 1
Phase       | Interval (clocks)
Build Phase | 1
Probe Phase | 100880


Matched Outputs
    | Key  |  V1  |  V2
  0 |    1 |    1 |    1
  1 |    2 |    2 |    2
  2 |    3 |    3 |    3
  3 |    4 |    4 |    4
  4 |    5 |    5 |    5
  5 |    6 |    6 |    6
  6 |    7 |    7 |    7
  7 |    8 |    8 |    8
  8 |    9 |    9 |    9
  9 |   10 |   10 |   10
 10 |   11 |   11 |   11
 11 |   12 |   12 |   12
 12 |   13 |   13 |   13
 13 |   14 |   14 |   14
 14 |   15 |   15 |   15
 15 |   16 |   16 |   16
 16 |   17 |   17 |   17
 17 |   18 |   18 |   18
 18 |   19 |   19 |   19
 19 |   20 |   20 |   20
 20 |   21 |   21 |   21
 21 |   24 |   24 |   24
 22 |   23 |   23 |   23
 23 |   28 |   28 |   28
 24 |   25 |   25 |   25
 25 |   30 |   30 |   30
 26 |   27 |   27 |   27
 27 |   32 |   32 |   32
 28 |   29 |   29 |   29
 29 |   34 |   34 |   34
 30 |   31 |   31 |   31
 31 |   36 |   36 |   36
 32 |   33 |   33 |   33
 33 |   38 |   38 |   38
 34 |   35 |   35 |   35
 35 |   40 |   40 |   40
 36 |   39 |   39 |   39
 37 |   42 |   42 |   42
 38 |   41 |   41 |   41
 39 |   44 |   44 |   44
 40 |   43 |   43 |   43
 41 |   46 |   46 |   46
 42 |   45 |   45 |   45
 43 |   48 |   48 |   48
 44 |   47 |   47 |   47
 45 |   50 |   50 |   50
 46 |   49 |   49 |   49
 47 |   52 |   52 |   52
 48 |   51 |   51 |   51
 49 |   54 |   54 |   54
 50 |   53 |   53 |   53
 51 |   56 |   56 |   56
 52 |   55 |   55 |   55
 53 |   58 |   58 |   58
 54 |   57 |   57 |   57
 55 |   60 |   60 |   60
 56 |   59 |   59 |   59
 57 |   62 |   62 |   62
 58 |   61 |   61 |   61
 59 |   64 |   64 |   64
 60 |   65 |   65 |   65
 61 |   66 |   66 |   66
 62 |   67 |   67 |   67
 63 |   68 |   68 |   68
 64 |   69 |   69 |   69
 65 |   70 |   70 |   70
 66 |   71 |   71 |   71
 67 |   72 |   72 |   72
 68 |   73 |   73 |   73
 69 |   74 |   74 |   74
 70 |   75 |   75 |   75
 71 |   76 |   76 |   76
 72 |   77 |   77 |   77
 73 |   78 |   78 |   78
 74 |   79 |   79 |   79
 75 |   80 |   80 |   80
 76 |   81 |   81 |   81
 77 |   82 |   82 |   82
 78 |   83 |   83 |   83
 79 |   84 |   84 |   84
 80 |   85 |   85 |   85
 81 |   86 |   86 |   86
 82 |   87 |   87 |   87
 83 |   88 |   88 |   88
 84 |   89 |   89 |   89
 85 |   90 |   90 |   90
 86 |   91 |   91 |   91
 87 |   92 |   92 |   92
 88 |   93 |   93 |   93
 89 |   94 |   94 |   94
 90 |   95 |   95 |   95
 91 |   96 |   96 |   96
 92 |   97 |   97 |   97
 93 |   98 |   98 |   98
 94 |   99 |   99 |   99
 95 |  100 |  100 |  100
 96 |  101 |  101 |  101
 97 |  102 |  102 |  102
 98 |  103 |  103 |  103
 99 |  104 |  104 |  104
100 |  105 |  105 |  105
101 |  106 |  106 |  106
102 |  107 |  107 |  107
103 |  108 |  108 |  108
104 |  109 |  109 |  109
105 |  110 |  110 |  110
106 |  111 |  111 |  111
107 |  112 |  112 |  112
108 |  113 |  113 |  113
109 |  114 |  114 |  114
110 |  115 |  115 |  115
111 |  116 |  116 |  116
112 |  117 |  117 |  117
113 |  118 |  118 |  118
114 |  119 |  119 |  119
115 |  120 |  120 |  120
116 |  121 |  121 |  121
117 |  122 |  122 |  122
118 |  123 |  123 |  123
119 |  124 |  124 |  124
120 |  125 |  125 |  125
121 |  126 |  126 |  126
122 |  127 |  127 |  127
123 |  128 |  128 |  128
124 |  129 |  129 |  129
125 |  130 |  130 |  130
126 |  131 |  131 |  131
127 |  132 |  132 |  132
128 |  133 |  133 |  133
129 |  134 |  134 |  134
130 |  135 |  135 |  135
131 |  136 |  136 |  136
132 |  137 |  137 |  137
133 |  138 |  138 |  138
134 |  139 |  139 |  139
135 |  140 |  140 |  140
136 |  141 |  141 |  141
137 |  142 |  142 |  142
138 |  143 |  143 |  143
139 |  144 |  144 |  144
140 |  145 |  145 |  145
141 |  146 |  146 |  146
142 |  147 |  147 |  147
143 |  148 |  148 |  148
144 |  149 |  149 |  149
145 |  150 |  150 |  150
146 |  151 |  151 |  151
147 |  152 |  152 |  152
148 |  153 |  153 |  153
149 |  154 |  154 |  154
150 |  155 |  155 |  155
151 |  156 |  156 |  156
152 |  157 |  157 |  157
153 |  158 |  158 |  158
154 |  159 |  159 |  159
155 |  160 |  160 |  160
156 |  161 |  161 |  161
157 |  162 |  162 |  162
158 |  163 |  163 |  163
159 |  164 |  164 |  164
160 |  165 |  165 |  165
161 |  166 |  166 |  166
162 |  167 |  167 |  167
163 |  168 |  168 |  168
164 |  169 |  169 |  169
165 |  170 |  170 |  170
166 |  171 |  171 |  171
167 |  172 |  172 |  172
168 |  173 |  173 |  173
169 |  174 |  174 |  174
170 |  177 |  177 |  177
171 |  176 |  176 |  176
172 |  179 |  179 |  179
173 |  178 |  178 |  178
174 |  180 |  180 |  180
175 |  183 |  183 |  183
176 |  182 |  182 |  182
177 |  185 |  185 |  185
178 |  184 |  184 |  184
179 |  186 |  186 |  186
180 |  187 |  187 |  187
181 |  188 |  188 |  188
182 |  189 |  189 |  189
183 |  190 |  190 |  190
184 |  191 |  191 |  191
185 |  192 |  192 |  192
186 |  194 |  194 |  194
187 |  193 |  193 |  193
188 |  196 |  196 |  196
189 |  195 |  195 |  195
190 |  198 |  198 |  198
191 |  197 |  197 |  197
192 |  200 |  200 |  200
193 |  199 |  199 |  199
194 |  204 |  204 |  204
195 |  201 |  201 |  201
196 |  206 |  206 |  206
197 |  203 |  203 |  203
198 |  208 |  208 |  208
199 |  205 |  205 |  205
200 |  210 |  210 |  210
201 |  207 |  207 |  207
202 |  212 |  212 |  212
203 |  209 |  209 |  209
204 |  214 |  214 |  214
205 |  211 |  211 |  211
206 |  216 |  216 |  216
207 |  213 |  213 |  213
208 |  218 |  218 |  218
209 |  215 |  215 |  215
210 |  220 |  220 |  220
211 |  217 |  217 |  217
212 |  222 |  222 |  222
213 |  219 |  219 |  219
214 |  224 |  224 |  224
215 |  221 |  221 |  221
216 |  226 |  226 |  226
217 |  223 |  223 |  223
218 |  228 |  228 |  228
219 |  225 |  225 |  225
220 |  230 |  230 |  230
221 |  227 |  227 |  227
222 |  229 |  229 |  229
223 |  234 |  234 |  234
224 |  238 |  238 |  238
225 |  235 |  235 |  235
226 |  240 |  240 |  240
227 |  237 |  237 |  237
228 |  241 |  241 |  241
229 |  243 |  243 |  243
230 |  246 |  246 |  246
231 |  253 |  253 |  253
232 |  254 |  254 |  254
233 |    1 |    1 |  257
234 |    2 |    2 |  258
235 |    3 |    3 |  259
236 |    4 |    4 |  260
237 |    5 |    5 |  261
238 |    6 |    6 |  262
239 |    7 |    7 |  263
240 |    8 |    8 |  264
241 |    9 |    9 |  265
242 |   10 |   10 |  266
243 |   11 |   11 |  267
244 |   12 |   12 |  268
245 |   13 |   13 |  269
246 |   14 |   14 |  270
247 |   15 |   15 |  271
248 |   16 |   16 |  272
249 |   17 |   17 |  273
250 |   18 |   18 |  274
251 |   19 |   19 |  275
252 |   20 |   20 |  276
253 |   21 |   21 |  277
254 |   23 |   23 |  279
255 |   24 |   24 |  280
256 |   25 |   25 |  281
257 |   27 |   27 |  283
258 |   28 |   28 |  284
259 |   29 |   29 |  285
260 |   30 |   30 |  286
261 |   31 |   31 |  287
262 |   32 |   32 |  288
263 |   33 |   33 |  289
264 |   34 |   34 |  290
265 |   35 |   35 |  291
266 |   36 |   36 |  292
267 |   38 |   38 |  294
268 |   39 |   39 |  295
269 |   40 |   40 |  296
270 |   41 |   41 |  297
271 |   42 |   42 |  298
272 |   43 |   43 |  299
273 |   44 |   44 |  300
274 |   45 |   45 |  301
275 |   46 |   46 |  302
276 |   47 |   47 |  303
277 |   48 |   48 |  304
278 |   49 |   49 |  305
279 |   50 |   50 |  306
280 |   51 |   51 |  307
281 |   52 |   52 |  308
282 |   53 |   53 |  309
283 |   54 |   54 |  310
284 |   55 |   55 |  311
285 |   56 |   56 |  312
286 |   57 |   57 |  313
287 |   58 |   58 |  314
288 |   59 |   59 |  315
289 |   60 |   60 |  316
290 |   61 |   61 |  317
291 |   62 |   62 |  318
292 |   64 |   64 |  320
293 |   65 |   65 |  321
294 |   66 |   66 |  322
295 |   67 |   67 |  323
296 |   68 |   68 |  324
297 |   69 |   69 |  325
298 |   70 |   70 |  326
299 |   71 |   71 |  327
300 |   72 |   72 |  328
301 |   73 |   73 |  329
302 |   74 |   74 |  330
303 |   75 |   75 |  331
304 |   76 |   76 |  332
305 |   77 |   77 |  333
306 |   78 |   78 |  334
307 |   79 |   79 |  335
308 |   80 |   80 |  336
309 |   81 |   81 |  337
310 |   82 |   82 |  338
311 |   83 |   83 |  339
312 |   84 |   84 |  340
313 |   85 |   85 |  341
314 |   86 |   86 |  342
315 |   87 |   87 |  343
316 |   88 |   88 |  344
317 |   89 |   89 |  345
318 |   90 |   90 |  346
319 |   91 |   91 |  347
320 |   92 |   92 |  348
321 |   93 |   93 |  349
322 |   95 |   95 |  351
323 |   94 |   94 |  350
324 |   96 |   96 |  352
325 |   97 |   97 |  353
326 |   98 |   98 |  354
327 |   99 |   99 |  355
328 |  100 |  100 |  356
329 |  101 |  101 |  357
330 |  102 |  102 |  358
331 |  103 |  103 |  359
332 |  104 |  104 |  360
333 |  105 |  105 |  361
334 |  106 |  106 |  362
335 |  107 |  107 |  363
336 |  108 |  108 |  364
337 |  109 |  109 |  365
338 |  110 |  110 |  366
339 |  111 |  111 |  367
340 |  112 |  112 |  368
341 |  113 |  113 |  369
342 |  114 |  114 |  370
343 |  115 |  115 |  371
344 |  116 |  116 |  372
345 |  117 |  117 |  373
346 |  118 |  118 |  374
347 |  119 |  119 |  375
348 |  120 |  120 |  376
349 |  121 |  121 |  377
350 |  122 |  122 |  378
351 |  123 |  123 |  379
352 |  124 |  124 |  380
353 |  125 |  125 |  381
354 |  126 |  126 |  382
355 |  127 |  127 |  383
356 |  128 |  128 |  384
357 |  129 |  129 |  385
358 |  130 |  130 |  386
359 |  131 |  131 |  387
360 |  132 |  132 |  388
361 |  133 |  133 |  389
362 |  134 |  134 |  390
363 |  135 |  135 |  391
364 |  136 |  136 |  392
365 |  137 |  137 |  393
366 |  138 |  138 |  394
367 |  139 |  139 |  395
368 |  140 |  140 |  396
369 |  141 |  141 |  397
370 |  142 |  142 |  398
371 |  143 |  143 |  399
372 |  144 |  144 |  400
373 |  145 |  145 |  401
374 |  146 |  146 |  402
375 |  147 |  147 |  403
376 |  148 |  148 |  404
377 |  149 |  149 |  405
378 |  150 |  150 |  406
379 |  151 |  151 |  407
380 |  152 |  152 |  408
381 |  153 |  153 |  409
382 |  154 |  154 |  410
383 |  155 |  155 |  411
384 |  156 |  156 |  412
385 |  157 |  157 |  413
386 |  158 |  158 |  414
387 |  159 |  159 |  415
388 |  160 |  160 |  416
389 |  161 |  161 |  417
390 |  162 |  162 |  418
391 |  163 |  163 |  419
392 |  164 |  164 |  420
393 |  165 |  165 |  421
394 |  166 |  166 |  422
395 |  167 |  167 |  423
396 |  168 |  168 |  424
397 |  169 |  169 |  425
398 |  170 |  170 |  426
399 |  171 |  171 |  427
400 |  172 |  172 |  428
401 |  173 |  173 |  429
402 |  174 |  174 |  430
403 |  176 |  176 |  432
404 |  177 |  177 |  433
405 |  178 |  178 |  434
406 |  179 |  179 |  435
407 |  180 |  180 |  436
408 |  182 |  182 |  438
409 |  183 |  183 |  439
410 |  184 |  184 |  440
411 |  185 |  185 |  441
412 |  186 |  186 |  442
413 |  187 |  187 |  443
414 |  188 |  188 |  444
415 |  189 |  189 |  445
416 |  190 |  190 |  446
417 |  191 |  191 |  447
418 |  192 |  192 |  448
419 |  193 |  193 |  449
420 |  194 |  194 |  450
421 |  195 |  195 |  451
422 |  196 |  196 |  452
423 |  197 |  197 |  453
424 |  198 |  198 |  454
425 |  199 |  199 |  455
426 |  200 |  200 |  456
427 |  201 |  201 |  457
428 |  203 |  203 |  459
429 |  204 |  204 |  460
430 |  205 |  205 |  461
431 |  206 |  206 |  462
432 |  207 |  207 |  463
433 |  208 |  208 |  464
434 |  209 |  209 |  465
435 |  210 |  210 |  466
436 |  211 |  211 |  467
437 |  212 |  212 |  468
438 |  213 |  213 |  469
439 |  214 |  214 |  470
440 |  215 |  215 |  471
441 |  216 |  216 |  472
442 |  217 |  217 |  473
443 |  218 |  218 |  474
444 |  219 |  219 |  475
445 |  220 |  220 |  476
446 |  221 |  221 |  477
447 |  222 |  222 |  478
448 |  223 |  223 |  479
449 |  224 |  224 |  480
450 |  225 |  225 |  481
451 |  226 |  226 |  482
452 |  227 |  227 |  483
453 |  228 |  228 |  484
454 |  229 |  229 |  485
455 |  230 |  230 |  486
456 |  234 |  234 |  490
457 |  235 |  235 |  491
458 |  237 |  237 |  493
459 |  238 |  238 |  494
460 |  240 |  240 |  496
461 |  241 |  241 |  497
462 |  243 |  243 |  499
463 |  246 |  246 |  502
464 |  253 |  253 |  509
465 |  254 |  254 |  510
466 |    1 |    1 |  513
467 |    2 |    2 |  514
468 |    3 |    3 |  515
469 |    4 |    4 |  516
470 |    5 |    5 |  517
471 |    6 |    6 |  518
472 |    7 |    7 |  519
473 |    8 |    8 |  520
474 |    9 |    9 |  521
475 |   10 |   10 |  522
476 |   11 |   11 |  523
477 |   12 |   12 |  524
478 |   13 |   13 |  525
479 |   14 |   14 |  526
480 |   15 |   15 |  527
481 |   16 |   16 |  528
482 |   17 |   17 |  529
483 |   18 |   18 |  530
484 |   19 |   19 |  531
485 |   20 |   20 |  532
486 |   21 |   21 |  533
487 |   23 |   23 |  535
488 |   24 |   24 |  536
489 |   25 |   25 |  537
490 |   27 |   27 |  539
491 |   28 |   28 |  540
492 |   29 |   29 |  541
493 |   30 |   30 |  542
494 |   31 |   31 |  543
495 |   32 |   32 |  544
496 |   33 |   33 |  545
497 |   34 |   34 |  546
498 |   35 |   35 |  547
499 |   36 |   36 |  548
500 |   38 |   38 |  550
501 |   39 |   39 |  551
502 |   40 |   40 |  552
503 |   41 |   41 |  553
504 |   42 |   42 |  554
505 |   43 |   43 |  555
506 |   44 |   44 |  556
507 |   45 |   45 |  557
508 |   46 |   46 |  558
509 |   47 |   47 |  559
510 |   48 |   48 |  560
511 |   49 |   49 |  561
512 |   50 |   50 |  562
513 |   51 |   51 |  563
514 |   52 |   52 |  564
515 |   53 |   53 |  565
516 |   54 |   54 |  566
517 |   55 |   55 |  567
518 |   56 |   56 |  568
519 |   57 |   57 |  569
520 |   58 |   58 |  570
521 |   59 |   59 |  571
522 |   60 |   60 |  572
523 |   61 |   61 |  573
524 |   62 |   62 |  574
525 |   64 |   64 |  576
526 |   65 |   65 |  577
527 |   66 |   66 |  578
528 |   67 |   67 |  579
529 |   68 |   68 |  580
530 |   69 |   69 |  581
531 |   70 |   70 |  582
532 |   71 |   71 |  583
533 |   72 |   72 |  584
534 |   73 |   73 |  585
535 |   74 |   74 |  586
536 |   75 |   75 |  587
537 |   76 |   76 |  588
538 |   77 |   77 |  589
539 |   78 |   78 |  590
540 |   79 |   79 |  591
541 |   80 |   80 |  592
542 |   81 |   81 |  593
543 |   82 |   82 |  594
544 |   83 |   83 |  595
545 |   84 |   84 |  596
546 |   85 |   85 |  597
547 |   86 |   86 |  598
548 |   87 |   87 |  599
549 |   88 |   88 |  600
550 |   89 |   89 |  601
551 |   90 |   90 |  602
552 |   91 |   91 |  603
553 |   92 |   92 |  604
554 |   93 |   93 |  605
555 |   94 |   94 |  606
556 |   95 |   95 |  607
557 |   96 |   96 |  608
558 |   97 |   97 |  609
559 |   98 |   98 |  610
560 |   99 |   99 |  611
561 |  100 |  100 |  612
562 |  101 |  101 |  613
563 |  102 |  102 |  614
564 |  103 |  103 |  615
565 |  104 |  104 |  616
566 |  105 |  105 |  617
567 |  106 |  106 |  618
568 |  107 |  107 |  619
569 |  108 |  108 |  620
570 |  109 |  109 |  621
571 |  110 |  110 |  622
572 |  111 |  111 |  623
573 |  112 |  112 |  624
574 |  113 |  113 |  625
575 |  114 |  114 |  626
576 |  115 |  115 |  627
577 |  116 |  116 |  628
578 |  117 |  117 |  629
579 |  118 |  118 |  630
580 |  119 |  119 |  631
581 |  120 |  120 |  632
582 |  121 |  121 |  633
583 |  122 |  122 |  634
584 |  123 |  123 |  635
585 |  124 |  124 |  636
586 |  125 |  125 |  637
587 |  126 |  126 |  638
588 |  127 |  127 |  639
589 |  128 |  128 |  640
590 |  129 |  129 |  641
591 |  130 |  130 |  642
592 |  131 |  131 |  643
593 |  132 |  132 |  644
594 |  133 |  133 |  645
595 |  134 |  134 |  646
596 |  135 |  135 |  647
597 |  136 |  136 |  648
598 |  137 |  137 |  649
599 |  138 |  138 |  650
600 |  139 |  139 |  651
601 |  140 |  140 |  652
602 |  141 |  141 |  653
603 |  142 |  142 |  654
604 |  143 |  143 |  655
605 |  144 |  144 |  656
606 |  145 |  145 |  657
607 |  146 |  146 |  658
608 |  147 |  147 |  659
609 |  148 |  148 |  660
610 |  149 |  149 |  661
611 |  150 |  150 |  662
612 |  151 |  151 |  663
613 |  152 |  152 |  664
614 |  153 |  153 |  665
615 |  154 |  154 |  666
616 |  155 |  155 |  667
617 |  156 |  156 |  668
618 |  157 |  157 |  669
619 |  158 |  158 |  670
620 |  159 |  159 |  671
621 |  160 |  160 |  672
622 |  161 |  161 |  673
623 |  162 |  162 |  674
624 |  163 |  163 |  675
625 |  164 |  164 |  676
626 |  165 |  165 |  677
627 |  166 |  166 |  678
628 |  167 |  167 |  679
629 |  168 |  168 |  680
630 |  169 |  169 |  681
631 |  170 |  170 |  682
632 |  171 |  171 |  683
633 |  172 |  172 |  684
634 |  173 |  173 |  685
635 |  174 |  174 |  686
636 |  176 |  176 |  688
637 |  177 |  177 |  689
638 |  178 |  178 |  690
639 |  179 |  179 |  691
640 |  180 |  180 |  692
641 |  182 |  182 |  694
642 |  183 |  183 |  695
643 |  184 |  184 |  696
644 |  185 |  185 |  697
645 |  186 |  186 |  698
646 |  187 |  187 |  699
647 |  188 |  188 |  700
648 |  189 |  189 |  701
649 |  190 |  190 |  702
650 |  191 |  191 |  703
651 |  192 |  192 |  704
652 |  193 |  193 |  705
653 |  194 |  194 |  706
654 |  195 |  195 |  707
655 |  196 |  196 |  708
656 |  197 |  197 |  709
657 |  198 |  198 |  710
658 |  199 |  199 |  711
659 |  200 |  200 |  712
660 |  201 |  201 |  713
661 |  203 |  203 |  715
662 |  204 |  204 |  716
663 |  205 |  205 |  717
664 |  206 |  206 |  718
665 |  207 |  207 |  719
666 |  208 |  208 |  720
667 |  209 |  209 |  721
668 |  210 |  210 |  722
669 |  211 |  211 |  723
670 |  212 |  212 |  724
671 |  213 |  213 |  725
672 |  214 |  214 |  726
673 |  215 |  215 |  727
674 |  216 |  216 |  728
675 |  217 |  217 |  729
676 |  218 |  218 |  730
677 |  219 |  219 |  731
678 |  220 |  220 |  732
679 |  221 |  221 |  733
680 |  222 |  222 |  734
681 |  223 |  223 |  735
682 |  224 |  224 |  736
683 |  225 |  225 |  737
684 |  226 |  226 |  738
685 |  227 |  227 |  739
686 |  228 |  228 |  740
687 |  229 |  229 |  741
688 |  230 |  230 |  742
689 |  234 |  234 |  746
690 |  235 |  235 |  747
691 |  237 |  237 |  749
692 |  238 |  238 |  750
693 |  240 |  240 |  752
694 |  241 |  241 |  753
695 |  243 |  243 |  755
696 |  246 |  246 |  758
697 |  253 |  253 |  765
698 |  254 |  254 |  766
699 |    1 |    1 |  769
700 |    2 |    2 |  770
701 |    3 |    3 |  771
702 |    4 |    4 |  772
703 |    5 |    5 |  773
704 |    6 |    6 |  774
705 |    7 |    7 |  775
706 |    8 |    8 |  776
707 |    9 |    9 |  777
708 |   10 |   10 |  778
709 |   11 |   11 |  779
710 |   12 |   12 |  780
711 |   13 |   13 |  781
712 |   14 |   14 |  782
713 |   15 |   15 |  783
714 |   16 |   16 |  784
715 |   17 |   17 |  785
716 |   18 |   18 |  786
717 |   19 |   19 |  787
718 |   20 |   20 |  788
719 |   21 |   21 |  789
720 |   23 |   23 |  791
721 |   24 |   24 |  792
722 |   25 |   25 |  793
723 |   27 |   27 |  795
724 |   28 |   28 |  796
725 |   29 |   29 |  797
726 |   30 |   30 |  798
727 |   31 |   31 |  799
728 |   32 |   32 |  800
729 |   33 |   33 |  801
730 |   34 |   34 |  802
731 |   35 |   35 |  803
732 |   36 |   36 |  804
733 |   38 |   38 |  806
734 |   39 |   39 |  807
735 |   40 |   40 |  808
736 |   41 |   41 |  809
737 |   42 |   42 |  810
738 |   43 |   43 |  811
739 |   44 |   44 |  812
740 |   45 |   45 |  813
741 |   46 |   46 |  814
742 |   47 |   47 |  815
743 |   48 |   48 |  816
744 |   49 |   49 |  817
745 |   50 |   50 |  818
746 |   51 |   51 |  819
747 |   52 |   52 |  820
748 |   53 |   53 |  821
749 |   54 |   54 |  822
750 |   55 |   55 |  823
751 |   56 |   56 |  824
752 |   57 |   57 |  825
753 |   58 |   58 |  826
754 |   59 |   59 |  827
755 |   60 |   60 |  828
756 |   61 |   61 |  829
757 |   62 |   62 |  830
758 |   64 |   64 |  832
759 |   65 |   65 |  833
760 |   66 |   66 |  834
761 |   67 |   67 |  835
762 |   68 |   68 |  836
763 |   69 |   69 |  837
764 |   70 |   70 |  838
765 |   71 |   71 |  839
766 |   72 |   72 |  840
767 |   73 |   73 |  841
768 |   74 |   74 |  842
769 |   75 |   75 |  843
770 |   76 |   76 |  844
771 |   77 |   77 |  845
772 |   78 |   78 |  846
773 |   79 |   79 |  847
774 |   80 |   80 |  848
775 |   81 |   81 |  849
776 |   82 |   82 |  850
777 |   83 |   83 |  851
778 |   84 |   84 |  852
779 |   85 |   85 |  853
780 |   86 |   86 |  854
781 |   87 |   87 |  855
782 |   88 |   88 |  856
783 |   89 |   89 |  857
784 |   90 |   90 |  858
785 |   91 |   91 |  859
786 |   92 |   92 |  860
787 |   93 |   93 |  861
788 |   94 |   94 |  862
789 |   95 |   95 |  863
790 |   96 |   96 |  864
791 |   97 |   97 |  865
792 |   98 |   98 |  866
793 |   99 |   99 |  867
794 |  100 |  100 |  868
795 |  101 |  101 |  869
796 |  102 |  102 |  870
797 |  103 |  103 |  871
798 |  104 |  104 |  872
799 |  105 |  105 |  873
800 |  106 |  106 |  874
801 |  107 |  107 |  875
802 |  108 |  108 |  876
803 |  109 |  109 |  877
804 |  110 |  110 |  878
805 |  111 |  111 |  879
806 |  112 |  112 |  880
807 |  113 |  113 |  881
808 |  114 |  114 |  882
809 |  115 |  115 |  883
810 |  116 |  116 |  884
811 |  117 |  117 |  885
812 |  118 |  118 |  886
813 |  119 |  119 |  887
814 |  120 |  120 |  888
815 |  121 |  121 |  889
816 |  122 |  122 |  890
817 |  123 |  123 |  891
818 |  124 |  124 |  892
819 |  125 |  125 |  893
820 |  126 |  126 |  894
821 |  127 |  127 |  895
822 |  128 |  128 |  896
823 |  129 |  129 |  897
824 |  130 |  130 |  898
825 |  131 |  131 |  899
826 |  132 |  132 |  900
827 |  133 |  133 |  901
828 |  134 |  134 |  902
829 |  135 |  135 |  903
830 |  136 |  136 |  904
831 |  137 |  137 |  905
832 |  138 |  138 |  906
833 |  139 |  139 |  907
834 |  140 |  140 |  908
835 |  141 |  141 |  909
836 |  142 |  142 |  910
837 |  143 |  143 |  911
838 |  144 |  144 |  912
839 |  145 |  145 |  913
840 |  146 |  146 |  914
841 |  147 |  147 |  915
842 |  148 |  148 |  916
843 |  149 |  149 |  917
844 |  150 |  150 |  918
845 |  151 |  151 |  919
846 |  152 |  152 |  920
847 |  153 |  153 |  921
848 |  154 |  154 |  922
849 |  155 |  155 |  923
850 |  156 |  156 |  924
851 |  157 |  157 |  925
852 |  158 |  158 |  926
853 |  159 |  159 |  927
854 |  160 |  160 |  928
855 |  161 |  161 |  929
856 |  162 |  162 |  930
857 |  163 |  163 |  931
858 |  164 |  164 |  932
859 |  165 |  165 |  933
860 |  166 |  166 |  934
861 |  167 |  167 |  935
862 |  168 |  168 |  936
863 |  169 |  169 |  937
864 |  170 |  170 |  938
865 |  171 |  171 |  939
866 |  172 |  172 |  940
867 |  173 |  173 |  941
868 |  174 |  174 |  942
869 |  176 |  176 |  944
870 |  177 |  177 |  945
871 |  178 |  178 |  946
872 |  179 |  179 |  947
873 |  180 |  180 |  948
874 |  182 |  182 |  950
875 |  183 |  183 |  951
876 |  184 |  184 |  952
877 |  185 |  185 |  953
878 |  186 |  186 |  954
879 |  187 |  187 |  955
880 |  188 |  188 |  956
881 |  189 |  189 |  957
882 |  190 |  190 |  958
883 |  191 |  191 |  959
884 |  192 |  192 |  960
885 |  193 |  193 |  961
886 |  194 |  194 |  962
887 |  195 |  195 |  963
888 |  196 |  196 |  964
889 |  197 |  197 |  965
890 |  198 |  198 |  966
891 |  199 |  199 |  967
892 |  200 |  200 |  968
893 |  201 |  201 |  969
894 |  203 |  203 |  971
895 |  204 |  204 |  972
896 |  205 |  205 |  973
897 |  206 |  206 |  974
898 |  207 |  207 |  975
899 |  208 |  208 |  976
900 |  209 |  209 |  977
901 |  210 |  210 |  978
902 |  211 |  211 |  979
903 |  212 |  212 |  980
904 |  213 |  213 |  981
905 |  214 |  214 |  982
906 |  215 |  215 |  983
907 |  216 |  216 |  984
908 |  217 |  217 |  985
909 |  218 |  218 |  986
910 |  219 |  219 |  987
911 |  220 |  220 |  988
912 |  221 |  221 |  989
913 |  222 |  222 |  990
914 |  223 |  223 |  991
915 |  224 |  224 |  992
916 |  225 |  225 |  993
917 |  226 |  226 |  994
918 |  227 |  227 |  995
919 |  228 |  228 |  996
920 |  229 |  229 |  997
921 |  230 |  230 |  998
922 |  234 |  234 | 1002
923 |  235 |  235 | 1003
924 |  237 |  237 | 1005
925 |  238 |  238 | 1006
926 |  240 |  240 | 1008
927 |  241 |  241 | 1009
928 |  243 |  243 | 1011
929 |  246 |  246 | 1014
930 |  253 |  253 | 1021
931 |  254 |  254 | 1022
932 |    1 |    1 | 1025
933 |    2 |    2 | 1026
934 |    3 |    3 | 1027
935 |    4 |    4 | 1028
936 |    5 |    5 | 1029
937 |    6 |    6 | 1030
938 |    7 |    7 | 1031
939 |    8 |    8 | 1032
940 |    9 |    9 | 1033
941 |   10 |   10 | 1034
942 |   11 |   11 | 1035
943 |   12 |   12 | 1036
944 |   13 |   13 | 1037
945 |   14 |   14 | 1038
946 |   15 |   15 | 1039
947 |   16 |   16 | 1040
948 |   17 |   17 | 1041
949 |   18 |   18 | 1042
950 |   19 |   19 | 1043
951 |   20 |   20 | 1044
952 |   21 |   21 | 1045
953 |   23 |   23 | 1047
954 |   24 |   24 | 1048
955 |   25 |   25 | 1049
956 |   27 |   27 | 1051
957 |   28 |   28 | 1052
958 |   29 |   29 | 1053
959 |   30 |   30 | 1054
960 |   31 |   31 | 1055
961 |   32 |   32 | 1056
962 |   33 |   33 | 1057
963 |   34 |   34 | 1058
964 |   35 |   35 | 1059
965 |   36 |   36 | 1060
966 |   38 |   38 | 1062
967 |   39 |   39 | 1063
968 |   40 |   40 | 1064
969 |   41 |   41 | 1065
970 |   42 |   42 | 1066
971 |   43 |   43 | 1067
972 |   44 |   44 | 1068
973 |   45 |   45 | 1069
974 |   46 |   46 | 1070
975 |   47 |   47 | 1071
976 |   48 |   48 | 1072
977 |   49 |   49 | 1073
978 |   50 |   50 | 1074
979 |   51 |   51 | 1075
980 |   52 |   52 | 1076
981 |   53 |   53 | 1077
982 |   54 |   54 | 1078
983 |   55 |   55 | 1079
984 |   56 |   56 | 1080
985 |   57 |   57 | 1081
986 |   58 |   58 | 1082
987 |   59 |   59 | 1083
988 |   60 |   60 | 1084
989 |   61 |   61 | 1085
990 |   62 |   62 | 1086
991 |   64 |   64 | 1088
992 |   65 |   65 | 1089
993 |   66 |   66 | 1090
994 |   67 |   67 | 1091
995 |   68 |   68 | 1092
996 |   69 |   69 | 1093
997 |   70 |   70 | 1094
998 |   71 |   71 | 1095
999 |   72 |   72 | 1096
1000 |   73 |   73 | 1097
1001 |   74 |   74 | 1098
1002 |   75 |   75 | 1099
1003 |   76 |   76 | 1100
1004 |   77 |   77 | 1101
1005 |   78 |   78 | 1102
1006 |   79 |   79 | 1103
1007 |   80 |   80 | 1104
1008 |   81 |   81 | 1105
1009 |   82 |   82 | 1106
1010 |   83 |   83 | 1107
1011 |   84 |   84 | 1108
1012 |   85 |   85 | 1109
1013 |   86 |   86 | 1110
1014 |   87 |   87 | 1111
1015 |   88 |   88 | 1112
1016 |   89 |   89 | 1113
1017 |   90 |   90 | 1114
1018 |   91 |   91 | 1115
1019 |   92 |   92 | 1116
1020 |   93 |   93 | 1117
1021 |   94 |   94 | 1118
1022 |   95 |   95 | 1119
1023 |   96 |   96 | 1120
1024 |   97 |   97 | 1121
1025 |   98 |   98 | 1122
1026 |   99 |   99 | 1123
1027 |  100 |  100 | 1124
1028 |  101 |  101 | 1125
1029 |  102 |  102 | 1126
1030 |  103 |  103 | 1127
1031 |  104 |  104 | 1128
1032 |  105 |  105 | 1129
1033 |  106 |  106 | 1130
1034 |  107 |  107 | 1131
1035 |  108 |  108 | 1132
1036 |  109 |  109 | 1133
1037 |  110 |  110 | 1134
1038 |  111 |  111 | 1135
1039 |  112 |  112 | 1136
1040 |  113 |  113 | 1137
1041 |  114 |  114 | 1138
1042 |  115 |  115 | 1139
1043 |  116 |  116 | 1140
1044 |  117 |  117 | 1141
1045 |  118 |  118 | 1142
1046 |  119 |  119 | 1143
1047 |  120 |  120 | 1144
1048 |  121 |  121 | 1145
1049 |  122 |  122 | 1146
1050 |  123 |  123 | 1147
1051 |  124 |  124 | 1148
1052 |  125 |  125 | 1149
1053 |  126 |  126 | 1150
1054 |  127 |  127 | 1151
1055 |  128 |  128 | 1152
1056 |  129 |  129 | 1153
1057 |  130 |  130 | 1154
1058 |  131 |  131 | 1155
1059 |  132 |  132 | 1156
1060 |  133 |  133 | 1157
1061 |  134 |  134 | 1158
1062 |  135 |  135 | 1159
1063 |  136 |  136 | 1160
1064 |  137 |  137 | 1161
1065 |  138 |  138 | 1162
1066 |  139 |  139 | 1163
1067 |  140 |  140 | 1164
1068 |  141 |  141 | 1165
1069 |  142 |  142 | 1166
1070 |  143 |  143 | 1167
1071 |  144 |  144 | 1168
1072 |  145 |  145 | 1169
1073 |  146 |  146 | 1170
1074 |  147 |  147 | 1171
1075 |  148 |  148 | 1172
1076 |  149 |  149 | 1173
1077 |  150 |  150 | 1174
1078 |  151 |  151 | 1175
1079 |  152 |  152 | 1176
1080 |  153 |  153 | 1177
1081 |  154 |  154 | 1178
1082 |  155 |  155 | 1179
1083 |  156 |  156 | 1180
1084 |  157 |  157 | 1181
1085 |  158 |  158 | 1182
1086 |  159 |  159 | 1183
1087 |  160 |  160 | 1184
1088 |  161 |  161 | 1185
1089 |  162 |  162 | 1186
1090 |  163 |  163 | 1187
1091 |  164 |  164 | 1188
1092 |  165 |  165 | 1189
1093 |  166 |  166 | 1190
1094 |  167 |  167 | 1191
1095 |  168 |  168 | 1192
1096 |  169 |  169 | 1193
1097 |  170 |  170 | 1194
1098 |  171 |  171 | 1195
1099 |  172 |  172 | 1196
1100 |  173 |  173 | 1197
1101 |  174 |  174 | 1198
1102 |  176 |  176 | 1200
1103 |  177 |  177 | 1201
1104 |  178 |  178 | 1202
1105 |  179 |  179 | 1203
1106 |  180 |  180 | 1204
1107 |  182 |  182 | 1206
1108 |  183 |  183 | 1207
1109 |  184 |  184 | 1208
1110 |  185 |  185 | 1209
1111 |  186 |  186 | 1210
1112 |  187 |  187 | 1211
1113 |  188 |  188 | 1212
1114 |  189 |  189 | 1213
1115 |  190 |  190 | 1214
1116 |  191 |  191 | 1215
1117 |  192 |  192 | 1216
1118 |  193 |  193 | 1217
1119 |  194 |  194 | 1218
1120 |  195 |  195 | 1219
1121 |  196 |  196 | 1220
1122 |  197 |  197 | 1221
1123 |  198 |  198 | 1222
1124 |  199 |  199 | 1223
1125 |  200 |  200 | 1224
1126 |  201 |  201 | 1225
1127 |  203 |  203 | 1227
1128 |  204 |  204 | 1228
1129 |  205 |  205 | 1229
1130 |  206 |  206 | 1230
1131 |  207 |  207 | 1231
1132 |  208 |  208 | 1232
1133 |  209 |  209 | 1233
1134 |  210 |  210 | 1234
1135 |  211 |  211 | 1235
1136 |  212 |  212 | 1236
1137 |  213 |  213 | 1237
1138 |  214 |  214 | 1238
1139 |  215 |  215 | 1239
1140 |  216 |  216 | 1240
1141 |  217 |  217 | 1241
1142 |  218 |  218 | 1242
1143 |  219 |  219 | 1243
1144 |  220 |  220 | 1244
1145 |  221 |  221 | 1245
1146 |  222 |  222 | 1246
1147 |  223 |  223 | 1247
1148 |  224 |  224 | 1248
1149 |  225 |  225 | 1249
1150 |  226 |  226 | 1250
1151 |  227 |  227 | 1251
1152 |  228 |  228 | 1252
1153 |  229 |  229 | 1253
1154 |  230 |  230 | 1254
1155 |  234 |  234 | 1258
1156 |  235 |  235 | 1259
1157 |  237 |  237 | 1261
1158 |  238 |  238 | 1262
1159 |  240 |  240 | 1264
1160 |  241 |  241 | 1265
1161 |  243 |  243 | 1267
1162 |  246 |  246 | 1270
1163 |  253 |  253 | 1277
1164 |  254 |  254 | 1278
1165 |    1 |    1 | 1281
1166 |    2 |    2 | 1282
1167 |    3 |    3 | 1283
1168 |    4 |    4 | 1284
1169 |    5 |    5 | 1285
1170 |    6 |    6 | 1286
1171 |    7 |    7 | 1287
1172 |    8 |    8 | 1288
1173 |    9 |    9 | 1289
1174 |   10 |   10 | 1290
1175 |   11 |   11 | 1291
1176 |   12 |   12 | 1292
1177 |   13 |   13 | 1293
1178 |   14 |   14 | 1294
1179 |   15 |   15 | 1295
1180 |   16 |   16 | 1296
1181 |   17 |   17 | 1297
1182 |   18 |   18 | 1298
1183 |   19 |   19 | 1299
1184 |   20 |   20 | 1300
1185 |   21 |   21 | 1301
1186 |   23 |   23 | 1303
1187 |   24 |   24 | 1304
1188 |   25 |   25 | 1305
1189 |   27 |   27 | 1307
1190 |   28 |   28 | 1308
1191 |   29 |   29 | 1309
1192 |   30 |   30 | 1310
1193 |   31 |   31 | 1311
1194 |   32 |   32 | 1312
1195 |   33 |   33 | 1313
1196 |   34 |   34 | 1314
1197 |   35 |   35 | 1315
1198 |   36 |   36 | 1316
1199 |   38 |   38 | 1318
1200 |   39 |   39 | 1319
1201 |   40 |   40 | 1320
1202 |   41 |   41 | 1321
1203 |   42 |   42 | 1322
1204 |   43 |   43 | 1323
1205 |   44 |   44 | 1324
1206 |   45 |   45 | 1325
1207 |   46 |   46 | 1326
1208 |   47 |   47 | 1327
1209 |   48 |   48 | 1328
1210 |   49 |   49 | 1329
1211 |   50 |   50 | 1330
1212 |   51 |   51 | 1331
1213 |   52 |   52 | 1332
1214 |   53 |   53 | 1333
1215 |   54 |   54 | 1334
1216 |   55 |   55 | 1335
1217 |   56 |   56 | 1336
1218 |   57 |   57 | 1337
1219 |   58 |   58 | 1338
1220 |   59 |   59 | 1339
1221 |   60 |   60 | 1340
1222 |   61 |   61 | 1341
1223 |   62 |   62 | 1342
1224 |   64 |   64 | 1344
1225 |   65 |   65 | 1345
1226 |   66 |   66 | 1346
1227 |   67 |   67 | 1347
1228 |   68 |   68 | 1348
1229 |   69 |   69 | 1349
1230 |   70 |   70 | 1350
1231 |   71 |   71 | 1351
1232 |   72 |   72 | 1352
1233 |   73 |   73 | 1353
1234 |   74 |   74 | 1354
1235 |   75 |   75 | 1355
1236 |   76 |   76 | 1356
1237 |   77 |   77 | 1357
1238 |   78 |   78 | 1358
1239 |   79 |   79 | 1359
1240 |   80 |   80 | 1360
1241 |   81 |   81 | 1361
1242 |   82 |   82 | 1362
1243 |   83 |   83 | 1363
1244 |   84 |   84 | 1364
1245 |   85 |   85 | 1365
1246 |   86 |   86 | 1366
1247 |   87 |   87 | 1367
1248 |   88 |   88 | 1368
1249 |   89 |   89 | 1369
1250 |   90 |   90 | 1370
1251 |   91 |   91 | 1371
1252 |   92 |   92 | 1372
1253 |   93 |   93 | 1373
1254 |   94 |   94 | 1374
1255 |   95 |   95 | 1375
1256 |   96 |   96 | 1376
1257 |   97 |   97 | 1377
1258 |   98 |   98 | 1378
1259 |   99 |   99 | 1379
1260 |  100 |  100 | 1380
1261 |  101 |  101 | 1381
1262 |  102 |  102 | 1382
1263 |  103 |  103 | 1383
1264 |  104 |  104 | 1384
1265 |  105 |  105 | 1385
1266 |  106 |  106 | 1386
1267 |  107 |  107 | 1387
1268 |  108 |  108 | 1388
1269 |  109 |  109 | 1389
1270 |  110 |  110 | 1390
1271 |  111 |  111 | 1391
1272 |  112 |  112 | 1392
1273 |  113 |  113 | 1393
1274 |  114 |  114 | 1394
1275 |  115 |  115 | 1395
1276 |  116 |  116 | 1396
1277 |  117 |  117 | 1397
1278 |  118 |  118 | 1398
1279 |  119 |  119 | 1399
1280 |  120 |  120 | 1400
1281 |  121 |  121 | 1401
1282 |  122 |  122 | 1402
1283 |  123 |  123 | 1403
1284 |  124 |  124 | 1404
1285 |  125 |  125 | 1405
1286 |  126 |  126 | 1406
1287 |  127 |  127 | 1407
1288 |  128 |  128 | 1408
1289 |  129 |  129 | 1409
1290 |  130 |  130 | 1410
1291 |  131 |  131 | 1411
1292 |  132 |  132 | 1412
1293 |  133 |  133 | 1413
1294 |  134 |  134 | 1414
1295 |  135 |  135 | 1415
1296 |  136 |  136 | 1416
1297 |  137 |  137 | 1417
1298 |  138 |  138 | 1418
1299 |  139 |  139 | 1419
1300 |  140 |  140 | 1420
1301 |  141 |  141 | 1421
1302 |  142 |  142 | 1422
1303 |  143 |  143 | 1423
1304 |  144 |  144 | 1424
1305 |  145 |  145 | 1425
1306 |  146 |  146 | 1426
1307 |  147 |  147 | 1427
1308 |  148 |  148 | 1428
1309 |  149 |  149 | 1429
1310 |  150 |  150 | 1430
1311 |  151 |  151 | 1431
1312 |  152 |  152 | 1432
1313 |  153 |  153 | 1433
1314 |  154 |  154 | 1434
1315 |  155 |  155 | 1435
1316 |  156 |  156 | 1436
1317 |  157 |  157 | 1437
1318 |  158 |  158 | 1438
1319 |  159 |  159 | 1439
1320 |  160 |  160 | 1440
1321 |  161 |  161 | 1441
1322 |  162 |  162 | 1442
1323 |  163 |  163 | 1443
1324 |  164 |  164 | 1444
1325 |  165 |  165 | 1445
1326 |  166 |  166 | 1446
1327 |  167 |  167 | 1447
1328 |  168 |  168 | 1448
1329 |  169 |  169 | 1449
1330 |  170 |  170 | 1450
1331 |  171 |  171 | 1451
1332 |  172 |  172 | 1452
1333 |  173 |  173 | 1453
1334 |  174 |  174 | 1454
1335 |  176 |  176 | 1456
1336 |  177 |  177 | 1457
1337 |  178 |  178 | 1458
1338 |  179 |  179 | 1459
1339 |  180 |  180 | 1460
1340 |  182 |  182 | 1462
1341 |  183 |  183 | 1463
1342 |  184 |  184 | 1464
1343 |  185 |  185 | 1465
1344 |  186 |  186 | 1466
1345 |  187 |  187 | 1467
1346 |  188 |  188 | 1468
1347 |  189 |  189 | 1469
1348 |  190 |  190 | 1470
1349 |  191 |  191 | 1471
1350 |  192 |  192 | 1472
1351 |  193 |  193 | 1473
1352 |  194 |  194 | 1474
1353 |  195 |  195 | 1475
1354 |  196 |  196 | 1476
1355 |  197 |  197 | 1477
1356 |  198 |  198 | 1478
1357 |  199 |  199 | 1479
1358 |  200 |  200 | 1480
1359 |  201 |  201 | 1481
1360 |  203 |  203 | 1483
1361 |  204 |  204 | 1484
1362 |  205 |  205 | 1485
1363 |  206 |  206 | 1486
1364 |  207 |  207 | 1487
1365 |  208 |  208 | 1488
1366 |  209 |  209 | 1489
1367 |  210 |  210 | 1490
1368 |  211 |  211 | 1491
1369 |  212 |  212 | 1492
1370 |  213 |  213 | 1493
1371 |  214 |  214 | 1494
1372 |  215 |  215 | 1495
1373 |  216 |  216 | 1496
1374 |  217 |  217 | 1497
1375 |  218 |  218 | 1498
1376 |  219 |  219 | 1499
1377 |  220 |  220 | 1500
1378 |  221 |  221 | 1501
1379 |  222 |  222 | 1502
1380 |  223 |  223 | 1503
1381 |  224 |  224 | 1504
1382 |  225 |  225 | 1505
1383 |  226 |  226 | 1506
1384 |  227 |  227 | 1507
1385 |  228 |  228 | 1508
1386 |  229 |  229 | 1509
1387 |  230 |  230 | 1510
1388 |  234 |  234 | 1514
1389 |  235 |  235 | 1515
1390 |  237 |  237 | 1517
1391 |  238 |  238 | 1518
1392 |  240 |  240 | 1520
1393 |  241 |  241 | 1521
1394 |  243 |  243 | 1523
1395 |  246 |  246 | 1526
1396 |  253 |  253 | 1533
1397 |  254 |  254 | 1534
1398 |    1 |    1 | 1537
1399 |    2 |    2 | 1538
1400 |    3 |    3 | 1539
1401 |    4 |    4 | 1540
1402 |    5 |    5 | 1541
1403 |    6 |    6 | 1542
1404 |    7 |    7 | 1543
1405 |    8 |    8 | 1544
1406 |    9 |    9 | 1545
1407 |   10 |   10 | 1546
1408 |   11 |   11 | 1547
1409 |   12 |   12 | 1548
1410 |   13 |   13 | 1549
1411 |   14 |   14 | 1550
1412 |   15 |   15 | 1551
1413 |   16 |   16 | 1552
1414 |   17 |   17 | 1553
1415 |   18 |   18 | 1554
1416 |   19 |   19 | 1555
1417 |   20 |   20 | 1556
1418 |   21 |   21 | 1557
1419 |   23 |   23 | 1559
1420 |   24 |   24 | 1560
1421 |   25 |   25 | 1561
1422 |   27 |   27 | 1563
1423 |   28 |   28 | 1564
1424 |   29 |   29 | 1565
1425 |   30 |   30 | 1566
1426 |   31 |   31 | 1567
1427 |   32 |   32 | 1568
1428 |   33 |   33 | 1569
1429 |   34 |   34 | 1570
1430 |   35 |   35 | 1571
1431 |   36 |   36 | 1572
1432 |   38 |   38 | 1574
1433 |   39 |   39 | 1575
1434 |   40 |   40 | 1576
1435 |   41 |   41 | 1577
1436 |   42 |   42 | 1578
1437 |   43 |   43 | 1579
1438 |   44 |   44 | 1580
1439 |   45 |   45 | 1581
1440 |   46 |   46 | 1582
1441 |   47 |   47 | 1583
1442 |   48 |   48 | 1584
1443 |   49 |   49 | 1585
1444 |   50 |   50 | 1586
1445 |   51 |   51 | 1587
1446 |   52 |   52 | 1588
1447 |   53 |   53 | 1589
1448 |   54 |   54 | 1590
1449 |   55 |   55 | 1591
1450 |   56 |   56 | 1592
1451 |   57 |   57 | 1593
1452 |   58 |   58 | 1594
1453 |   59 |   59 | 1595
1454 |   60 |   60 | 1596
1455 |   61 |   61 | 1597
1456 |   62 |   62 | 1598
1457 |   64 |   64 | 1600
1458 |   65 |   65 | 1601
1459 |   66 |   66 | 1602
1460 |   67 |   67 | 1603
1461 |   68 |   68 | 1604
1462 |   69 |   69 | 1605
1463 |   70 |   70 | 1606
1464 |   71 |   71 | 1607
1465 |   72 |   72 | 1608
1466 |   73 |   73 | 1609
1467 |   74 |   74 | 1610
1468 |   75 |   75 | 1611
1469 |   76 |   76 | 1612
1470 |   77 |   77 | 1613
1471 |   78 |   78 | 1614
1472 |   79 |   79 | 1615
1473 |   80 |   80 | 1616
1474 |   81 |   81 | 1617
1475 |   82 |   82 | 1618
1476 |   83 |   83 | 1619
1477 |   84 |   84 | 1620
1478 |   85 |   85 | 1621
1479 |   86 |   86 | 1622
1480 |   87 |   87 | 1623
1481 |   88 |   88 | 1624
1482 |   89 |   89 | 1625
1483 |   90 |   90 | 1626
1484 |   91 |   91 | 1627
1485 |   92 |   92 | 1628
1486 |   93 |   93 | 1629
1487 |   94 |   94 | 1630
1488 |   95 |   95 | 1631
1489 |   96 |   96 | 1632
1490 |   97 |   97 | 1633
1491 |   98 |   98 | 1634
1492 |   99 |   99 | 1635
1493 |  100 |  100 | 1636
1494 |  101 |  101 | 1637
1495 |  102 |  102 | 1638
1496 |  103 |  103 | 1639
1497 |  104 |  104 | 1640
1498 |  105 |  105 | 1641
1499 |  106 |  106 | 1642
1500 |  107 |  107 | 1643
1501 |  108 |  108 | 1644
1502 |  109 |  109 | 1645
1503 |  110 |  110 | 1646
1504 |  111 |  111 | 1647
1505 |  112 |  112 | 1648
1506 |  113 |  113 | 1649
1507 |  114 |  114 | 1650
1508 |  115 |  115 | 1651
1509 |  116 |  116 | 1652
1510 |  117 |  117 | 1653
1511 |  118 |  118 | 1654
1512 |  119 |  119 | 1655
1513 |  120 |  120 | 1656
1514 |  121 |  121 | 1657
1515 |  122 |  122 | 1658
1516 |  123 |  123 | 1659
1517 |  124 |  124 | 1660
1518 |  125 |  125 | 1661
1519 |  126 |  126 | 1662
1520 |  127 |  127 | 1663
1521 |  128 |  128 | 1664
1522 |  129 |  129 | 1665
1523 |  130 |  130 | 1666
1524 |  131 |  131 | 1667
1525 |  132 |  132 | 1668
1526 |  133 |  133 | 1669
1527 |  134 |  134 | 1670
1528 |  135 |  135 | 1671
1529 |  136 |  136 | 1672
1530 |  137 |  137 | 1673
1531 |  138 |  138 | 1674
1532 |  139 |  139 | 1675
1533 |  140 |  140 | 1676
1534 |  141 |  141 | 1677
1535 |  142 |  142 | 1678
1536 |  143 |  143 | 1679
1537 |  144 |  144 | 1680
1538 |  145 |  145 | 1681
1539 |  146 |  146 | 1682
1540 |  147 |  147 | 1683
1541 |  148 |  148 | 1684
1542 |  149 |  149 | 1685
1543 |  150 |  150 | 1686
1544 |  151 |  151 | 1687
1545 |  152 |  152 | 1688
1546 |  153 |  153 | 1689
1547 |  154 |  154 | 1690
1548 |  155 |  155 | 1691
1549 |  156 |  156 | 1692
1550 |  157 |  157 | 1693
1551 |  158 |  158 | 1694
1552 |  159 |  159 | 1695
1553 |  160 |  160 | 1696
1554 |  161 |  161 | 1697
1555 |  162 |  162 | 1698
1556 |  163 |  163 | 1699
1557 |  164 |  164 | 1700
1558 |  165 |  165 | 1701
1559 |  166 |  166 | 1702
1560 |  167 |  167 | 1703
1561 |  168 |  168 | 1704
1562 |  169 |  169 | 1705
1563 |  170 |  170 | 1706
1564 |  171 |  171 | 1707
1565 |  172 |  172 | 1708
1566 |  173 |  173 | 1709
1567 |  174 |  174 | 1710
1568 |  176 |  176 | 1712
1569 |  177 |  177 | 1713
1570 |  178 |  178 | 1714
1571 |  179 |  179 | 1715
1572 |  180 |  180 | 1716
1573 |  182 |  182 | 1718
1574 |  183 |  183 | 1719
1575 |  184 |  184 | 1720
1576 |  185 |  185 | 1721
1577 |  186 |  186 | 1722
1578 |  187 |  187 | 1723
1579 |  188 |  188 | 1724
1580 |  189 |  189 | 1725
1581 |  190 |  190 | 1726
1582 |  191 |  191 | 1727
1583 |  192 |  192 | 1728
1584 |  193 |  193 | 1729
1585 |  194 |  194 | 1730
1586 |  195 |  195 | 1731
1587 |  196 |  196 | 1732
1588 |  197 |  197 | 1733
1589 |  198 |  198 | 1734
1590 |  199 |  199 | 1735
1591 |  200 |  200 | 1736
1592 |  201 |  201 | 1737
1593 |  203 |  203 | 1739
1594 |  204 |  204 | 1740
1595 |  205 |  205 | 1741
1596 |  206 |  206 | 1742
1597 |  207 |  207 | 1743
1598 |  208 |  208 | 1744
1599 |  209 |  209 | 1745
1600 |  210 |  210 | 1746
1601 |  211 |  211 | 1747
1602 |  212 |  212 | 1748
1603 |  213 |  213 | 1749
1604 |  214 |  214 | 1750
1605 |  215 |  215 | 1751
1606 |  216 |  216 | 1752
1607 |  217 |  217 | 1753
1608 |  218 |  218 | 1754
1609 |  219 |  219 | 1755
1610 |  220 |  220 | 1756
1611 |  221 |  221 | 1757
1612 |  222 |  222 | 1758
1613 |  223 |  223 | 1759
1614 |  224 |  224 | 1760
1615 |  225 |  225 | 1761
1616 |  226 |  226 | 1762
1617 |  227 |  227 | 1763
1618 |  228 |  228 | 1764
1619 |  229 |  229 | 1765
1620 |  230 |  230 | 1766
1621 |  234 |  234 | 1770
1622 |  235 |  235 | 1771
1623 |  237 |  237 | 1773
1624 |  238 |  238 | 1774
1625 |  240 |  240 | 1776
1626 |  241 |  241 | 1777
1627 |  243 |  243 | 1779
1628 |  246 |  246 | 1782
1629 |  253 |  253 | 1789
1630 |  254 |  254 | 1790
1631 |    1 |    1 | 1793
1632 |    2 |    2 | 1794
1633 |    3 |    3 | 1795
1634 |    4 |    4 | 1796
1635 |    5 |    5 | 1797
1636 |    6 |    6 | 1798
1637 |    7 |    7 | 1799
1638 |    8 |    8 | 1800
1639 |    9 |    9 | 1801
1640 |   10 |   10 | 1802
1641 |   11 |   11 | 1803
1642 |   12 |   12 | 1804
1643 |   13 |   13 | 1805
1644 |   14 |   14 | 1806
1645 |   15 |   15 | 1807
1646 |   16 |   16 | 1808
1647 |   17 |   17 | 1809
1648 |   18 |   18 | 1810
1649 |   19 |   19 | 1811
1650 |   20 |   20 | 1812
1651 |   21 |   21 | 1813
1652 |   23 |   23 | 1815
1653 |   24 |   24 | 1816
1654 |   25 |   25 | 1817
1655 |   27 |   27 | 1819
1656 |   28 |   28 | 1820
1657 |   29 |   29 | 1821
1658 |   30 |   30 | 1822
1659 |   31 |   31 | 1823
1660 |   32 |   32 | 1824
1661 |   33 |   33 | 1825
1662 |   34 |   34 | 1826
1663 |   35 |   35 | 1827
1664 |   36 |   36 | 1828
1665 |   38 |   38 | 1830
1666 |   39 |   39 | 1831
1667 |   40 |   40 | 1832
1668 |   41 |   41 | 1833
1669 |   42 |   42 | 1834
1670 |   43 |   43 | 1835
1671 |   44 |   44 | 1836
1672 |   45 |   45 | 1837
1673 |   46 |   46 | 1838
1674 |   47 |   47 | 1839
1675 |   48 |   48 | 1840
1676 |   49 |   49 | 1841
1677 |   50 |   50 | 1842
1678 |   51 |   51 | 1843
1679 |   52 |   52 | 1844
1680 |   53 |   53 | 1845
1681 |   54 |   54 | 1846
1682 |   55 |   55 | 1847
1683 |   56 |   56 | 1848
1684 |   57 |   57 | 1849
1685 |   58 |   58 | 1850
1686 |   59 |   59 | 1851
1687 |   60 |   60 | 1852
1688 |   61 |   61 | 1853
1689 |   62 |   62 | 1854
1690 |   64 |   64 | 1856
1691 |   65 |   65 | 1857
1692 |   66 |   66 | 1858
1693 |   67 |   67 | 1859
1694 |   68 |   68 | 1860
1695 |   69 |   69 | 1861
1696 |   70 |   70 | 1862
1697 |   71 |   71 | 1863
1698 |   72 |   72 | 1864
1699 |   73 |   73 | 1865
1700 |   74 |   74 | 1866
1701 |   75 |   75 | 1867
1702 |   76 |   76 | 1868
1703 |   77 |   77 | 1869
1704 |   78 |   78 | 1870
1705 |   79 |   79 | 1871
1706 |   80 |   80 | 1872
1707 |   81 |   81 | 1873
1708 |   82 |   82 | 1874
1709 |   83 |   83 | 1875
1710 |   84 |   84 | 1876
1711 |   85 |   85 | 1877
1712 |   86 |   86 | 1878
1713 |   87 |   87 | 1879
1714 |   88 |   88 | 1880
1715 |   89 |   89 | 1881
1716 |   90 |   90 | 1882
1717 |   91 |   91 | 1883
1718 |   92 |   92 | 1884
1719 |   93 |   93 | 1885
1720 |   94 |   94 | 1886
1721 |   95 |   95 | 1887
1722 |   96 |   96 | 1888
1723 |   97 |   97 | 1889
1724 |   98 |   98 | 1890
1725 |   99 |   99 | 1891
1726 |  100 |  100 | 1892
1727 |  101 |  101 | 1893
1728 |  102 |  102 | 1894
1729 |  103 |  103 | 1895
1730 |  104 |  104 | 1896
1731 |  105 |  105 | 1897
1732 |  106 |  106 | 1898
1733 |  107 |  107 | 1899
1734 |  108 |  108 | 1900
1735 |  109 |  109 | 1901
1736 |  110 |  110 | 1902
1737 |  111 |  111 | 1903
1738 |  112 |  112 | 1904
1739 |  113 |  113 | 1905
1740 |  114 |  114 | 1906
1741 |  115 |  115 | 1907
1742 |  116 |  116 | 1908
1743 |  117 |  117 | 1909
1744 |  118 |  118 | 1910
1745 |  119 |  119 | 1911
1746 |  120 |  120 | 1912
1747 |  121 |  121 | 1913
1748 |  122 |  122 | 1914
1749 |  123 |  123 | 1915
1750 |  124 |  124 | 1916
1751 |  125 |  125 | 1917
1752 |  126 |  126 | 1918
1753 |  127 |  127 | 1919
1754 |  128 |  128 | 1920
1755 |  129 |  129 | 1921
1756 |  130 |  130 | 1922
1757 |  131 |  131 | 1923
1758 |  132 |  132 | 1924
1759 |  133 |  133 | 1925
1760 |  134 |  134 | 1926
1761 |  135 |  135 | 1927
1762 |  136 |  136 | 1928
1763 |  137 |  137 | 1929
1764 |  138 |  138 | 1930
1765 |  139 |  139 | 1931
1766 |  140 |  140 | 1932
1767 |  141 |  141 | 1933
1768 |  142 |  142 | 1934
1769 |  143 |  143 | 1935
1770 |  144 |  144 | 1936
1771 |  145 |  145 | 1937
1772 |  146 |  146 | 1938
1773 |  147 |  147 | 1939
1774 |  148 |  148 | 1940
1775 |  149 |  149 | 1941
1776 |  150 |  150 | 1942
1777 |  151 |  151 | 1943
1778 |  152 |  152 | 1944
1779 |  153 |  153 | 1945
1780 |  154 |  154 | 1946
1781 |  155 |  155 | 1947
1782 |  156 |  156 | 1948
1783 |  157 |  157 | 1949
1784 |  158 |  158 | 1950
1785 |  159 |  159 | 1951
1786 |  160 |  160 | 1952
1787 |  161 |  161 | 1953
1788 |  162 |  162 | 1954
1789 |  163 |  163 | 1955
1790 |  164 |  164 | 1956
1791 |  165 |  165 | 1957
1792 |  166 |  166 | 1958
1793 |  167 |  167 | 1959
1794 |  168 |  168 | 1960
1795 |  169 |  169 | 1961
1796 |  170 |  170 | 1962
1797 |  171 |  171 | 1963
1798 |  172 |  172 | 1964
1799 |  173 |  173 | 1965
1800 |  174 |  174 | 1966
1801 |  176 |  176 | 1968
1802 |  177 |  177 | 1969
1803 |  178 |  178 | 1970
1804 |  179 |  179 | 1971
1805 |  180 |  180 | 1972
1806 |  182 |  182 | 1974
1807 |  183 |  183 | 1975
1808 |  184 |  184 | 1976
1809 |  185 |  185 | 1977
1810 |  186 |  186 | 1978
1811 |  187 |  187 | 1979
1812 |  188 |  188 | 1980
1813 |  189 |  189 | 1981
1814 |  190 |  190 | 1982
1815 |  191 |  191 | 1983
1816 |  192 |  192 | 1984
1817 |  193 |  193 | 1985
1818 |  194 |  194 | 1986
1819 |  195 |  195 | 1987
1820 |  196 |  196 | 1988
1821 |  197 |  197 | 1989
1822 |  198 |  198 | 1990
1823 |  199 |  199 | 1991
1824 |  200 |  200 | 1992
1825 |  201 |  201 | 1993
1826 |  203 |  203 | 1995
1827 |  204 |  204 | 1996
1828 |  205 |  205 | 1997
1829 |  206 |  206 | 1998
1830 |  207 |  207 | 1999
1831 |  208 |  208 | 2000
1832 |  209 |  209 | 2001
1833 |  210 |  210 | 2002
1834 |  211 |  211 | 2003
1835 |  212 |  212 | 2004
1836 |  213 |  213 | 2005
1837 |  214 |  214 | 2006
1838 |  215 |  215 | 2007
1839 |  216 |  216 | 2008
1840 |  217 |  217 | 2009
1841 |  218 |  218 | 2010
1842 |  219 |  219 | 2011
1843 |  220 |  220 | 2012
1844 |  221 |  221 | 2013
1845 |  222 |  222 | 2014
1846 |  223 |  223 | 2015
1847 |  224 |  224 | 2016
1848 |  225 |  225 | 2017
1849 |  226 |  226 | 2018
1850 |  227 |  227 | 2019
1851 |  228 |  228 | 2020
1852 |  229 |  229 | 2021
1853 |  230 |  230 | 2022
1854 |  234 |  234 | 2026
1855 |  235 |  235 | 2027
1856 |  237 |  237 | 2029
1857 |  238 |  238 | 2030
1858 |  240 |  240 | 2032
1859 |  241 |  241 | 2033
1860 |  243 |  243 | 2035
1861 |  246 |  246 | 2038
1862 |  254 |  254 | 2046
1863 |  253 |  253 | 2045


Hash Table0
    | SL 0 | SL 1 | SL 2 | SL 3 | SL 4 | SL 5 | SL 6 | SL 7 | 
  0 |   11 |  139 |   43 |  171 |   75 |  219 |  235 |  123 | 
  1 |  131 |  141 |   23 |  155 |   59 |   35 |  197 |  103 | 
  2 |   13 |  205 |   45 |   61 |   77 |   93 |  109 |  125 | 
  3 |    7 |  149 |  173 |   51 |   91 |  221 |  243 |    0 | 
  4 |  159 |   31 |  207 |  223 |  191 |   95 |  111 |  127 | 
  5 |  157 |   47 |    3 |   87 |  193 |   61 |    0 |    0 | 
  6 |  129 |  177 |  241 |   49 |   65 |   81 |   97 |  113 | 
  7 |    1 |  145 |  165 |   79 |  209 |  215 |   83 |  107 | 
  8 |  179 |   19 |  195 |  211 |   67 |  227 |   99 |  115 | 
  9 |  163 |  253 |    0 |    0 |    0 |    0 |    0 |    0 | 
 10 |    5 |   21 |  229 |   53 |   69 |   85 |  133 |  117 | 
 11 |  101 |  143 |  147 |    9 |  187 |   41 |  213 |   41 | 
 12 |  135 |  151 |   39 |   55 |  167 |  183 |  199 |  119 | 
 13 |  137 |   27 |  153 |   15 |   71 |  185 |  203 |   29 | 
 14 |  169 |   25 |  217 |   57 |   73 |   89 |  105 |  121 | 
 15 |  161 |   17 |  189 |  201 |  225 |   33 |  237 |   33 | 


Hash Table1
    | SL 0 | SL 1 | SL 2 | SL 3 | SL 4 | SL 5 | SL 6 | SL 7 | 
  0 |  164 |  170 |  102 |  198 |  218 |   98 |  240 |    0 | 
  1 |  140 |  156 |   44 |   60 |   76 |   92 |  188 |  124 | 
  2 |   54 |  172 |  220 |   46 |    0 |    0 |    0 |    0 | 
  3 |   14 |   30 |  238 |   62 |   78 |   94 |  254 |  126 | 
  4 |  138 |   10 |  160 |  166 |  176 |  178 |  180 |  190 | 
  5 |  144 |   32 |  224 |   64 |   80 |   96 |  112 |  128 | 
  6 |  132 |   28 |  210 |  222 |  246 |    0 |    0 |    0 | 
  7 |  130 |  146 |   34 |   50 |   66 |   82 |  226 |  114 | 
  8 |    2 |    6 |   24 |  184 |  194 |   20 |  206 |   68 | 
  9 |    4 |  196 |   36 |   52 |  212 |   84 |  228 |  116 | 
 10 |  142 |  162 |  174 |  108 |  204 |  208 |   30 |   30 | 
 11 |  134 |  230 |   38 |  150 |   70 |   86 |  182 |  118 | 
 12 |   12 |   18 |  148 |  192 |   56 |  214 |  104 |  100 | 
 13 |    8 |  136 |   40 |  200 |   72 |   88 |  216 |  120 | 
 14 |   16 |  152 |  158 |  168 |   74 |   48 |  110 |    0 | 
 15 |  154 |  234 |   42 |   58 |  186 |   90 |  106 |  122 | 


Table 1
Val | Col0 | 
  0 |    0 | 
  1 |    1 | 
  2 |    2 | 
  3 |    3 | 
  4 |    4 | 
  5 |    5 | 
  6 |    6 | 
  7 |    7 | 
  8 |    8 | 
  9 |    9 | 
 10 |   10 | 
 11 |   11 | 
 12 |   12 | 
 13 |   13 | 
 14 |   14 | 
 15 |   15 | 
 16 |   16 | 
 17 |   17 | 
 18 |   18 | 
 19 |   19 | 
 20 |   20 | 
 21 |   21 | 
 22 |   22 | 
 23 |   23 | 
 24 |   24 | 
 25 |   25 | 
 26 |   26 | 
 27 |   27 | 
 28 |   28 | 
 29 |   29 | 
 30 |   30 | 
 31 |   31 | 
 32 |   32 | 
 33 |   33 | 
 34 |   34 | 
 35 |   35 | 
 36 |   36 | 
 37 |   37 | 
 38 |   38 | 
 39 |   39 | 
 40 |   40 | 
 41 |   41 | 
 42 |   42 | 
 43 |   43 | 
 44 |   44 | 
 45 |   45 | 
 46 |   46 | 
 47 |   47 | 
 48 |   48 | 
 49 |   49 | 
 50 |   50 | 
 51 |   51 | 
 52 |   52 | 
 53 |   53 | 
 54 |   54 | 
 55 |   55 | 
 56 |   56 | 
 57 |   57 | 
 58 |   58 | 
 59 |   59 | 
 60 |   60 | 
 61 |   61 | 
 62 |   62 | 
 63 |   63 | 
 64 |   64 | 
 65 |   65 | 
 66 |   66 | 
 67 |   67 | 
 68 |   68 | 
 69 |   69 | 
 70 |   70 | 
 71 |   71 | 
 72 |   72 | 
 73 |   73 | 
 74 |   74 | 
 75 |   75 | 
 76 |   76 | 
 77 |   77 | 
 78 |   78 | 
 79 |   79 | 
 80 |   80 | 
 81 |   81 | 
 82 |   82 | 
 83 |   83 | 
 84 |   84 | 
 85 |   85 | 
 86 |   86 | 
 87 |   87 | 
 88 |   88 | 
 89 |   89 | 
 90 |   90 | 
 91 |   91 | 
 92 |   92 | 
 93 |   93 | 
 94 |   94 | 
 95 |   95 | 
 96 |   96 | 
 97 |   97 | 
 98 |   98 | 
 99 |   99 | 
100 |  100 | 
101 |  101 | 
102 |  102 | 
103 |  103 | 
104 |  104 | 
105 |  105 | 
106 |  106 | 
107 |  107 | 
108 |  108 | 
109 |  109 | 
110 |  110 | 
111 |  111 | 
112 |  112 | 
113 |  113 | 
114 |  114 | 
115 |  115 | 
116 |  116 | 
117 |  117 | 
118 |  118 | 
119 |  119 | 
120 |  120 | 
121 |  121 | 
122 |  122 | 
123 |  123 | 
124 |  124 | 
125 |  125 | 
126 |  126 | 
127 |  127 | 
128 |  128 | 
129 |  129 | 
130 |  130 | 
131 |  131 | 
132 |  132 | 
133 |  133 | 
134 |  134 | 
135 |  135 | 
136 |  136 | 
137 |  137 | 
138 |  138 | 
139 |  139 | 
140 |  140 | 
141 |  141 | 
142 |  142 | 
143 |  143 | 
144 |  144 | 
145 |  145 | 
146 |  146 | 
147 |  147 | 
148 |  148 | 
149 |  149 | 
150 |  150 | 
151 |  151 | 
152 |  152 | 
153 |  153 | 
154 |  154 | 
155 |  155 | 
156 |  156 | 
157 |  157 | 
158 |  158 | 
159 |  159 | 
160 |  160 | 
161 |  161 | 
162 |  162 | 
163 |  163 | 
164 |  164 | 
165 |  165 | 
166 |  166 | 
167 |  167 | 
168 |  168 | 
169 |  169 | 
170 |  170 | 
171 |  171 | 
172 |  172 | 
173 |  173 | 
174 |  174 | 
175 |  175 | 
176 |  176 | 
177 |  177 | 
178 |  178 | 
179 |  179 | 
180 |  180 | 
181 |  181 | 
182 |  182 | 
183 |  183 | 
184 |  184 | 
185 |  185 | 
186 |  186 | 
187 |  187 | 
188 |  188 | 
189 |  189 | 
190 |  190 | 
191 |  191 | 
192 |  192 | 
193 |  193 | 
194 |  194 | 
195 |  195 | 
196 |  196 | 
197 |  197 | 
198 |  198 | 
199 |  199 | 
200 |  200 | 
201 |  201 | 
202 |  202 | 
203 |  203 | 
204 |  204 | 
205 |  205 | 
206 |  206 | 
207 |  207 | 
208 |  208 | 
209 |  209 | 
210 |  210 | 
211 |  211 | 
212 |  212 | 
213 |  213 | 
214 |  214 | 
215 |  215 | 
216 |  216 | 
217 |  217 | 
218 |  218 | 
219 |  219 | 
220 |  220 | 
221 |  221 | 
222 |  222 | 
223 |  223 | 
224 |  224 | 
225 |  225 | 
226 |  226 | 
227 |  227 | 
228 |  228 | 
229 |  229 | 
230 |  230 | 
231 |  231 | 
232 |  232 | 
233 |  233 | 
234 |  234 | 
235 |  235 | 
236 |  236 | 
237 |  237 | 
238 |  238 | 
239 |  239 | 
240 |  240 | 
241 |  241 | 
242 |  242 | 
243 |  243 | 
244 |  244 | 
245 |  245 | 
246 |  246 | 
247 |  247 | 
248 |  248 | 
249 |  249 | 
250 |  250 | 
251 |  251 | 
252 |  252 | 
253 |  253 | 
254 |  254 | 
255 |  255 | 


Table 2
Val | Col0 | 
  0 |    0 | 
  1 |    1 | 
  2 |    2 | 
  3 |    3 | 
  4 |    4 | 
  5 |    5 | 
  6 |    6 | 
  7 |    7 | 
  8 |    8 | 
  9 |    9 | 
 10 |   10 | 
 11 |   11 | 
 12 |   12 | 
 13 |   13 | 
 14 |   14 | 
 15 |   15 | 
 16 |   16 | 
 17 |   17 | 
 18 |   18 | 
 19 |   19 | 
 20 |   20 | 
 21 |   21 | 
 22 |   22 | 
 23 |   23 | 
 24 |   24 | 
 25 |   25 | 
 26 |   26 | 
 27 |   27 | 
 28 |   28 | 
 29 |   29 | 
 30 |   30 | 
 31 |   31 | 
 32 |   32 | 
 33 |   33 | 
 34 |   34 | 
 35 |   35 | 
 36 |   36 | 
 37 |   37 | 
 38 |   38 | 
 39 |   39 | 
 40 |   40 | 
 41 |   41 | 
 42 |   42 | 
 43 |   43 | 
 44 |   44 | 
 45 |   45 | 
 46 |   46 | 
 47 |   47 | 
 48 |   48 | 
 49 |   49 | 
 50 |   50 | 
 51 |   51 | 
 52 |   52 | 
 53 |   53 | 
 54 |   54 | 
 55 |   55 | 
 56 |   56 | 
 57 |   57 | 
 58 |   58 | 
 59 |   59 | 
 60 |   60 | 
 61 |   61 | 
 62 |   62 | 
 63 |   63 | 
 64 |   64 | 
 65 |   65 | 
 66 |   66 | 
 67 |   67 | 
 68 |   68 | 
 69 |   69 | 
 70 |   70 | 
 71 |   71 | 
 72 |   72 | 
 73 |   73 | 
 74 |   74 | 
 75 |   75 | 
 76 |   76 | 
 77 |   77 | 
 78 |   78 | 
 79 |   79 | 
 80 |   80 | 
 81 |   81 | 
 82 |   82 | 
 83 |   83 | 
 84 |   84 | 
 85 |   85 | 
 86 |   86 | 
 87 |   87 | 
 88 |   88 | 
 89 |   89 | 
 90 |   90 | 
 91 |   91 | 
 92 |   92 | 
 93 |   93 | 
 94 |   94 | 
 95 |   95 | 
 96 |   96 | 
 97 |   97 | 
 98 |   98 | 
 99 |   99 | 
100 |  100 | 
101 |  101 | 
102 |  102 | 
103 |  103 | 
104 |  104 | 
105 |  105 | 
106 |  106 | 
107 |  107 | 
108 |  108 | 
109 |  109 | 
110 |  110 | 
111 |  111 | 
112 |  112 | 
113 |  113 | 
114 |  114 | 
115 |  115 | 
116 |  116 | 
117 |  117 | 
118 |  118 | 
119 |  119 | 
120 |  120 | 
121 |  121 | 
122 |  122 | 
123 |  123 | 
124 |  124 | 
125 |  125 | 
126 |  126 | 
127 |  127 | 
128 |  128 | 
129 |  129 | 
130 |  130 | 
131 |  131 | 
132 |  132 | 
133 |  133 | 
134 |  134 | 
135 |  135 | 
136 |  136 | 
137 |  137 | 
138 |  138 | 
139 |  139 | 
140 |  140 | 
141 |  141 | 
142 |  142 | 
143 |  143 | 
144 |  144 | 
145 |  145 | 
146 |  146 | 
147 |  147 | 
148 |  148 | 
149 |  149 | 
150 |  150 | 
151 |  151 | 
152 |  152 | 
153 |  153 | 
154 |  154 | 
155 |  155 | 
156 |  156 | 
157 |  157 | 
158 |  158 | 
159 |  159 | 
160 |  160 | 
161 |  161 | 
162 |  162 | 
163 |  163 | 
164 |  164 | 
165 |  165 | 
166 |  166 | 
167 |  167 | 
168 |  168 | 
169 |  169 | 
170 |  170 | 
171 |  171 | 
172 |  172 | 
173 |  173 | 
174 |  174 | 
175 |  175 | 
176 |  176 | 
177 |  177 | 
178 |  178 | 
179 |  179 | 
180 |  180 | 
181 |  181 | 
182 |  182 | 
183 |  183 | 
184 |  184 | 
185 |  185 | 
186 |  186 | 
187 |  187 | 
188 |  188 | 
189 |  189 | 
190 |  190 | 
191 |  191 | 
192 |  192 | 
193 |  193 | 
194 |  194 | 
195 |  195 | 
196 |  196 | 
197 |  197 | 
198 |  198 | 
199 |  199 | 
200 |  200 | 
201 |  201 | 
202 |  202 | 
203 |  203 | 
204 |  204 | 
205 |  205 | 
206 |  206 | 
207 |  207 | 
208 |  208 | 
209 |  209 | 
210 |  210 | 
211 |  211 | 
212 |  212 | 
213 |  213 | 
214 |  214 | 
215 |  215 | 
216 |  216 | 
217 |  217 | 
218 |  218 | 
219 |  219 | 
220 |  220 | 
221 |  221 | 
222 |  222 | 
223 |  223 | 
224 |  224 | 
225 |  225 | 
226 |  226 | 
227 |  227 | 
228 |  228 | 
229 |  229 | 
230 |  230 | 
231 |  231 | 
232 |  232 | 
233 |  233 | 
234 |  234 | 
235 |  235 | 
236 |  236 | 
237 |  237 | 
238 |  238 | 
239 |  239 | 
240 |  240 | 
241 |  241 | 
242 |  242 | 
243 |  243 | 
244 |  244 | 
245 |  245 | 
246 |  246 | 
247 |  247 | 
248 |  248 | 
249 |  249 | 
250 |  250 | 
251 |  251 | 
252 |  252 | 
253 |  253 | 
254 |  254 | 
255 |  255 | 
256 |    0 | 
257 |    1 | 
258 |    2 | 
259 |    3 | 
260 |    4 | 
261 |    5 | 
262 |    6 | 
263 |    7 | 
264 |    8 | 
265 |    9 | 
266 |   10 | 
267 |   11 | 
268 |   12 | 
269 |   13 | 
270 |   14 | 
271 |   15 | 
272 |   16 | 
273 |   17 | 
274 |   18 | 
275 |   19 | 
276 |   20 | 
277 |   21 | 
278 |   22 | 
279 |   23 | 
280 |   24 | 
281 |   25 | 
282 |   26 | 
283 |   27 | 
284 |   28 | 
285 |   29 | 
286 |   30 | 
287 |   31 | 
288 |   32 | 
289 |   33 | 
290 |   34 | 
291 |   35 | 
292 |   36 | 
293 |   37 | 
294 |   38 | 
295 |   39 | 
296 |   40 | 
297 |   41 | 
298 |   42 | 
299 |   43 | 
300 |   44 | 
301 |   45 | 
302 |   46 | 
303 |   47 | 
304 |   48 | 
305 |   49 | 
306 |   50 | 
307 |   51 | 
308 |   52 | 
309 |   53 | 
310 |   54 | 
311 |   55 | 
312 |   56 | 
313 |   57 | 
314 |   58 | 
315 |   59 | 
316 |   60 | 
317 |   61 | 
318 |   62 | 
319 |   63 | 
320 |   64 | 
321 |   65 | 
322 |   66 | 
323 |   67 | 
324 |   68 | 
325 |   69 | 
326 |   70 | 
327 |   71 | 
328 |   72 | 
329 |   73 | 
330 |   74 | 
331 |   75 | 
332 |   76 | 
333 |   77 | 
334 |   78 | 
335 |   79 | 
336 |   80 | 
337 |   81 | 
338 |   82 | 
339 |   83 | 
340 |   84 | 
341 |   85 | 
342 |   86 | 
343 |   87 | 
344 |   88 | 
345 |   89 | 
346 |   90 | 
347 |   91 | 
348 |   92 | 
349 |   93 | 
350 |   94 | 
351 |   95 | 
352 |   96 | 
353 |   97 | 
354 |   98 | 
355 |   99 | 
356 |  100 | 
357 |  101 | 
358 |  102 | 
359 |  103 | 
360 |  104 | 
361 |  105 | 
362 |  106 | 
363 |  107 | 
364 |  108 | 
365 |  109 | 
366 |  110 | 
367 |  111 | 
368 |  112 | 
369 |  113 | 
370 |  114 | 
371 |  115 | 
372 |  116 | 
373 |  117 | 
374 |  118 | 
375 |  119 | 
376 |  120 | 
377 |  121 | 
378 |  122 | 
379 |  123 | 
380 |  124 | 
381 |  125 | 
382 |  126 | 
383 |  127 | 
384 |  128 | 
385 |  129 | 
386 |  130 | 
387 |  131 | 
388 |  132 | 
389 |  133 | 
390 |  134 | 
391 |  135 | 
392 |  136 | 
393 |  137 | 
394 |  138 | 
395 |  139 | 
396 |  140 | 
397 |  141 | 
398 |  142 | 
399 |  143 | 
400 |  144 | 
401 |  145 | 
402 |  146 | 
403 |  147 | 
404 |  148 | 
405 |  149 | 
406 |  150 | 
407 |  151 | 
408 |  152 | 
409 |  153 | 
410 |  154 | 
411 |  155 | 
412 |  156 | 
413 |  157 | 
414 |  158 | 
415 |  159 | 
416 |  160 | 
417 |  161 | 
418 |  162 | 
419 |  163 | 
420 |  164 | 
421 |  165 | 
422 |  166 | 
423 |  167 | 
424 |  168 | 
425 |  169 | 
426 |  170 | 
427 |  171 | 
428 |  172 | 
429 |  173 | 
430 |  174 | 
431 |  175 | 
432 |  176 | 
433 |  177 | 
434 |  178 | 
435 |  179 | 
436 |  180 | 
437 |  181 | 
438 |  182 | 
439 |  183 | 
440 |  184 | 
441 |  185 | 
442 |  186 | 
443 |  187 | 
444 |  188 | 
445 |  189 | 
446 |  190 | 
447 |  191 | 
448 |  192 | 
449 |  193 | 
450 |  194 | 
451 |  195 | 
452 |  196 | 
453 |  197 | 
454 |  198 | 
455 |  199 | 
456 |  200 | 
457 |  201 | 
458 |  202 | 
459 |  203 | 
460 |  204 | 
461 |  205 | 
462 |  206 | 
463 |  207 | 
464 |  208 | 
465 |  209 | 
466 |  210 | 
467 |  211 | 
468 |  212 | 
469 |  213 | 
470 |  214 | 
471 |  215 | 
472 |  216 | 
473 |  217 | 
474 |  218 | 
475 |  219 | 
476 |  220 | 
477 |  221 | 
478 |  222 | 
479 |  223 | 
480 |  224 | 
481 |  225 | 
482 |  226 | 
483 |  227 | 
484 |  228 | 
485 |  229 | 
486 |  230 | 
487 |  231 | 
488 |  232 | 
489 |  233 | 
490 |  234 | 
491 |  235 | 
492 |  236 | 
493 |  237 | 
494 |  238 | 
495 |  239 | 
496 |  240 | 
497 |  241 | 
498 |  242 | 
499 |  243 | 
500 |  244 | 
501 |  245 | 
502 |  246 | 
503 |  247 | 
504 |  248 | 
505 |  249 | 
506 |  250 | 
507 |  251 | 
508 |  252 | 
509 |  253 | 
510 |  254 | 
511 |  255 | 
512 |    0 | 
513 |    1 | 
514 |    2 | 
515 |    3 | 
516 |    4 | 
517 |    5 | 
518 |    6 | 
519 |    7 | 
520 |    8 | 
521 |    9 | 
522 |   10 | 
523 |   11 | 
524 |   12 | 
525 |   13 | 
526 |   14 | 
527 |   15 | 
528 |   16 | 
529 |   17 | 
530 |   18 | 
531 |   19 | 
532 |   20 | 
533 |   21 | 
534 |   22 | 
535 |   23 | 
536 |   24 | 
537 |   25 | 
538 |   26 | 
539 |   27 | 
540 |   28 | 
541 |   29 | 
542 |   30 | 
543 |   31 | 
544 |   32 | 
545 |   33 | 
546 |   34 | 
547 |   35 | 
548 |   36 | 
549 |   37 | 
550 |   38 | 
551 |   39 | 
552 |   40 | 
553 |   41 | 
554 |   42 | 
555 |   43 | 
556 |   44 | 
557 |   45 | 
558 |   46 | 
559 |   47 | 
560 |   48 | 
561 |   49 | 
562 |   50 | 
563 |   51 | 
564 |   52 | 
565 |   53 | 
566 |   54 | 
567 |   55 | 
568 |   56 | 
569 |   57 | 
570 |   58 | 
571 |   59 | 
572 |   60 | 
573 |   61 | 
574 |   62 | 
575 |   63 | 
576 |   64 | 
577 |   65 | 
578 |   66 | 
579 |   67 | 
580 |   68 | 
581 |   69 | 
582 |   70 | 
583 |   71 | 
584 |   72 | 
585 |   73 | 
586 |   74 | 
587 |   75 | 
588 |   76 | 
589 |   77 | 
590 |   78 | 
591 |   79 | 
592 |   80 | 
593 |   81 | 
594 |   82 | 
595 |   83 | 
596 |   84 | 
597 |   85 | 
598 |   86 | 
599 |   87 | 
600 |   88 | 
601 |   89 | 
602 |   90 | 
603 |   91 | 
604 |   92 | 
605 |   93 | 
606 |   94 | 
607 |   95 | 
608 |   96 | 
609 |   97 | 
610 |   98 | 
611 |   99 | 
612 |  100 | 
613 |  101 | 
614 |  102 | 
615 |  103 | 
616 |  104 | 
617 |  105 | 
618 |  106 | 
619 |  107 | 
620 |  108 | 
621 |  109 | 
622 |  110 | 
623 |  111 | 
624 |  112 | 
625 |  113 | 
626 |  114 | 
627 |  115 | 
628 |  116 | 
629 |  117 | 
630 |  118 | 
631 |  119 | 
632 |  120 | 
633 |  121 | 
634 |  122 | 
635 |  123 | 
636 |  124 | 
637 |  125 | 
638 |  126 | 
639 |  127 | 
640 |  128 | 
641 |  129 | 
642 |  130 | 
643 |  131 | 
644 |  132 | 
645 |  133 | 
646 |  134 | 
647 |  135 | 
648 |  136 | 
649 |  137 | 
650 |  138 | 
651 |  139 | 
652 |  140 | 
653 |  141 | 
654 |  142 | 
655 |  143 | 
656 |  144 | 
657 |  145 | 
658 |  146 | 
659 |  147 | 
660 |  148 | 
661 |  149 | 
662 |  150 | 
663 |  151 | 
664 |  152 | 
665 |  153 | 
666 |  154 | 
667 |  155 | 
668 |  156 | 
669 |  157 | 
670 |  158 | 
671 |  159 | 
672 |  160 | 
673 |  161 | 
674 |  162 | 
675 |  163 | 
676 |  164 | 
677 |  165 | 
678 |  166 | 
679 |  167 | 
680 |  168 | 
681 |  169 | 
682 |  170 | 
683 |  171 | 
684 |  172 | 
685 |  173 | 
686 |  174 | 
687 |  175 | 
688 |  176 | 
689 |  177 | 
690 |  178 | 
691 |  179 | 
692 |  180 | 
693 |  181 | 
694 |  182 | 
695 |  183 | 
696 |  184 | 
697 |  185 | 
698 |  186 | 
699 |  187 | 
700 |  188 | 
701 |  189 | 
702 |  190 | 
703 |  191 | 
704 |  192 | 
705 |  193 | 
706 |  194 | 
707 |  195 | 
708 |  196 | 
709 |  197 | 
710 |  198 | 
711 |  199 | 
712 |  200 | 
713 |  201 | 
714 |  202 | 
715 |  203 | 
716 |  204 | 
717 |  205 | 
718 |  206 | 
719 |  207 | 
720 |  208 | 
721 |  209 | 
722 |  210 | 
723 |  211 | 
724 |  212 | 
725 |  213 | 
726 |  214 | 
727 |  215 | 
728 |  216 | 
729 |  217 | 
730 |  218 | 
731 |  219 | 
732 |  220 | 
733 |  221 | 
734 |  222 | 
735 |  223 | 
736 |  224 | 
737 |  225 | 
738 |  226 | 
739 |  227 | 
740 |  228 | 
741 |  229 | 
742 |  230 | 
743 |  231 | 
744 |  232 | 
745 |  233 | 
746 |  234 | 
747 |  235 | 
748 |  236 | 
749 |  237 | 
750 |  238 | 
751 |  239 | 
752 |  240 | 
753 |  241 | 
754 |  242 | 
755 |  243 | 
756 |  244 | 
757 |  245 | 
758 |  246 | 
759 |  247 | 
760 |  248 | 
761 |  249 | 
762 |  250 | 
763 |  251 | 
764 |  252 | 
765 |  253 | 
766 |  254 | 
767 |  255 | 
768 |    0 | 
769 |    1 | 
770 |    2 | 
771 |    3 | 
772 |    4 | 
773 |    5 | 
774 |    6 | 
775 |    7 | 
776 |    8 | 
777 |    9 | 
778 |   10 | 
779 |   11 | 
780 |   12 | 
781 |   13 | 
782 |   14 | 
783 |   15 | 
784 |   16 | 
785 |   17 | 
786 |   18 | 
787 |   19 | 
788 |   20 | 
789 |   21 | 
790 |   22 | 
791 |   23 | 
792 |   24 | 
793 |   25 | 
794 |   26 | 
795 |   27 | 
796 |   28 | 
797 |   29 | 
798 |   30 | 
799 |   31 | 
800 |   32 | 
801 |   33 | 
802 |   34 | 
803 |   35 | 
804 |   36 | 
805 |   37 | 
806 |   38 | 
807 |   39 | 
808 |   40 | 
809 |   41 | 
810 |   42 | 
811 |   43 | 
812 |   44 | 
813 |   45 | 
814 |   46 | 
815 |   47 | 
816 |   48 | 
817 |   49 | 
818 |   50 | 
819 |   51 | 
820 |   52 | 
821 |   53 | 
822 |   54 | 
823 |   55 | 
824 |   56 | 
825 |   57 | 
826 |   58 | 
827 |   59 | 
828 |   60 | 
829 |   61 | 
830 |   62 | 
831 |   63 | 
832 |   64 | 
833 |   65 | 
834 |   66 | 
835 |   67 | 
836 |   68 | 
837 |   69 | 
838 |   70 | 
839 |   71 | 
840 |   72 | 
841 |   73 | 
842 |   74 | 
843 |   75 | 
844 |   76 | 
845 |   77 | 
846 |   78 | 
847 |   79 | 
848 |   80 | 
849 |   81 | 
850 |   82 | 
851 |   83 | 
852 |   84 | 
853 |   85 | 
854 |   86 | 
855 |   87 | 
856 |   88 | 
857 |   89 | 
858 |   90 | 
859 |   91 | 
860 |   92 | 
861 |   93 | 
862 |   94 | 
863 |   95 | 
864 |   96 | 
865 |   97 | 
866 |   98 | 
867 |   99 | 
868 |  100 | 
869 |  101 | 
870 |  102 | 
871 |  103 | 
872 |  104 | 
873 |  105 | 
874 |  106 | 
875 |  107 | 
876 |  108 | 
877 |  109 | 
878 |  110 | 
879 |  111 | 
880 |  112 | 
881 |  113 | 
882 |  114 | 
883 |  115 | 
884 |  116 | 
885 |  117 | 
886 |  118 | 
887 |  119 | 
888 |  120 | 
889 |  121 | 
890 |  122 | 
891 |  123 | 
892 |  124 | 
893 |  125 | 
894 |  126 | 
895 |  127 | 
896 |  128 | 
897 |  129 | 
898 |  130 | 
899 |  131 | 
900 |  132 | 
901 |  133 | 
902 |  134 | 
903 |  135 | 
904 |  136 | 
905 |  137 | 
906 |  138 | 
907 |  139 | 
908 |  140 | 
909 |  141 | 
910 |  142 | 
911 |  143 | 
912 |  144 | 
913 |  145 | 
914 |  146 | 
915 |  147 | 
916 |  148 | 
917 |  149 | 
918 |  150 | 
919 |  151 | 
920 |  152 | 
921 |  153 | 
922 |  154 | 
923 |  155 | 
924 |  156 | 
925 |  157 | 
926 |  158 | 
927 |  159 | 
928 |  160 | 
929 |  161 | 
930 |  162 | 
931 |  163 | 
932 |  164 | 
933 |  165 | 
934 |  166 | 
935 |  167 | 
936 |  168 | 
937 |  169 | 
938 |  170 | 
939 |  171 | 
940 |  172 | 
941 |  173 | 
942 |  174 | 
943 |  175 | 
944 |  176 | 
945 |  177 | 
946 |  178 | 
947 |  179 | 
948 |  180 | 
949 |  181 | 
950 |  182 | 
951 |  183 | 
952 |  184 | 
953 |  185 | 
954 |  186 | 
955 |  187 | 
956 |  188 | 
957 |  189 | 
958 |  190 | 
959 |  191 | 
960 |  192 | 
961 |  193 | 
962 |  194 | 
963 |  195 | 
964 |  196 | 
965 |  197 | 
966 |  198 | 
967 |  199 | 
968 |  200 | 
969 |  201 | 
970 |  202 | 
971 |  203 | 
972 |  204 | 
973 |  205 | 
974 |  206 | 
975 |  207 | 
976 |  208 | 
977 |  209 | 
978 |  210 | 
979 |  211 | 
980 |  212 | 
981 |  213 | 
982 |  214 | 
983 |  215 | 
984 |  216 | 
985 |  217 | 
986 |  218 | 
987 |  219 | 
988 |  220 | 
989 |  221 | 
990 |  222 | 
991 |  223 | 
992 |  224 | 
993 |  225 | 
994 |  226 | 
995 |  227 | 
996 |  228 | 
997 |  229 | 
998 |  230 | 
999 |  231 | 
1000 |  232 | 
1001 |  233 | 
1002 |  234 | 
1003 |  235 | 
1004 |  236 | 
1005 |  237 | 
1006 |  238 | 
1007 |  239 | 
1008 |  240 | 
1009 |  241 | 
1010 |  242 | 
1011 |  243 | 
1012 |  244 | 
1013 |  245 | 
1014 |  246 | 
1015 |  247 | 
1016 |  248 | 
1017 |  249 | 
1018 |  250 | 
1019 |  251 | 
1020 |  252 | 
1021 |  253 | 
1022 |  254 | 
1023 |  255 | 
1024 |    0 | 
1025 |    1 | 
1026 |    2 | 
1027 |    3 | 
1028 |    4 | 
1029 |    5 | 
1030 |    6 | 
1031 |    7 | 
1032 |    8 | 
1033 |    9 | 
1034 |   10 | 
1035 |   11 | 
1036 |   12 | 
1037 |   13 | 
1038 |   14 | 
1039 |   15 | 
1040 |   16 | 
1041 |   17 | 
1042 |   18 | 
1043 |   19 | 
1044 |   20 | 
1045 |   21 | 
1046 |   22 | 
1047 |   23 | 
1048 |   24 | 
1049 |   25 | 
1050 |   26 | 
1051 |   27 | 
1052 |   28 | 
1053 |   29 | 
1054 |   30 | 
1055 |   31 | 
1056 |   32 | 
1057 |   33 | 
1058 |   34 | 
1059 |   35 | 
1060 |   36 | 
1061 |   37 | 
1062 |   38 | 
1063 |   39 | 
1064 |   40 | 
1065 |   41 | 
1066 |   42 | 
1067 |   43 | 
1068 |   44 | 
1069 |   45 | 
1070 |   46 | 
1071 |   47 | 
1072 |   48 | 
1073 |   49 | 
1074 |   50 | 
1075 |   51 | 
1076 |   52 | 
1077 |   53 | 
1078 |   54 | 
1079 |   55 | 
1080 |   56 | 
1081 |   57 | 
1082 |   58 | 
1083 |   59 | 
1084 |   60 | 
1085 |   61 | 
1086 |   62 | 
1087 |   63 | 
1088 |   64 | 
1089 |   65 | 
1090 |   66 | 
1091 |   67 | 
1092 |   68 | 
1093 |   69 | 
1094 |   70 | 
1095 |   71 | 
1096 |   72 | 
1097 |   73 | 
1098 |   74 | 
1099 |   75 | 
1100 |   76 | 
1101 |   77 | 
1102 |   78 | 
1103 |   79 | 
1104 |   80 | 
1105 |   81 | 
1106 |   82 | 
1107 |   83 | 
1108 |   84 | 
1109 |   85 | 
1110 |   86 | 
1111 |   87 | 
1112 |   88 | 
1113 |   89 | 
1114 |   90 | 
1115 |   91 | 
1116 |   92 | 
1117 |   93 | 
1118 |   94 | 
1119 |   95 | 
1120 |   96 | 
1121 |   97 | 
1122 |   98 | 
1123 |   99 | 
1124 |  100 | 
1125 |  101 | 
1126 |  102 | 
1127 |  103 | 
1128 |  104 | 
1129 |  105 | 
1130 |  106 | 
1131 |  107 | 
1132 |  108 | 
1133 |  109 | 
1134 |  110 | 
1135 |  111 | 
1136 |  112 | 
1137 |  113 | 
1138 |  114 | 
1139 |  115 | 
1140 |  116 | 
1141 |  117 | 
1142 |  118 | 
1143 |  119 | 
1144 |  120 | 
1145 |  121 | 
1146 |  122 | 
1147 |  123 | 
1148 |  124 | 
1149 |  125 | 
1150 |  126 | 
1151 |  127 | 
1152 |  128 | 
1153 |  129 | 
1154 |  130 | 
1155 |  131 | 
1156 |  132 | 
1157 |  133 | 
1158 |  134 | 
1159 |  135 | 
1160 |  136 | 
1161 |  137 | 
1162 |  138 | 
1163 |  139 | 
1164 |  140 | 
1165 |  141 | 
1166 |  142 | 
1167 |  143 | 
1168 |  144 | 
1169 |  145 | 
1170 |  146 | 
1171 |  147 | 
1172 |  148 | 
1173 |  149 | 
1174 |  150 | 
1175 |  151 | 
1176 |  152 | 
1177 |  153 | 
1178 |  154 | 
1179 |  155 | 
1180 |  156 | 
1181 |  157 | 
1182 |  158 | 
1183 |  159 | 
1184 |  160 | 
1185 |  161 | 
1186 |  162 | 
1187 |  163 | 
1188 |  164 | 
1189 |  165 | 
1190 |  166 | 
1191 |  167 | 
1192 |  168 | 
1193 |  169 | 
1194 |  170 | 
1195 |  171 | 
1196 |  172 | 
1197 |  173 | 
1198 |  174 | 
1199 |  175 | 
1200 |  176 | 
1201 |  177 | 
1202 |  178 | 
1203 |  179 | 
1204 |  180 | 
1205 |  181 | 
1206 |  182 | 
1207 |  183 | 
1208 |  184 | 
1209 |  185 | 
1210 |  186 | 
1211 |  187 | 
1212 |  188 | 
1213 |  189 | 
1214 |  190 | 
1215 |  191 | 
1216 |  192 | 
1217 |  193 | 
1218 |  194 | 
1219 |  195 | 
1220 |  196 | 
1221 |  197 | 
1222 |  198 | 
1223 |  199 | 
1224 |  200 | 
1225 |  201 | 
1226 |  202 | 
1227 |  203 | 
1228 |  204 | 
1229 |  205 | 
1230 |  206 | 
1231 |  207 | 
1232 |  208 | 
1233 |  209 | 
1234 |  210 | 
1235 |  211 | 
1236 |  212 | 
1237 |  213 | 
1238 |  214 | 
1239 |  215 | 
1240 |  216 | 
1241 |  217 | 
1242 |  218 | 
1243 |  219 | 
1244 |  220 | 
1245 |  221 | 
1246 |  222 | 
1247 |  223 | 
1248 |  224 | 
1249 |  225 | 
1250 |  226 | 
1251 |  227 | 
1252 |  228 | 
1253 |  229 | 
1254 |  230 | 
1255 |  231 | 
1256 |  232 | 
1257 |  233 | 
1258 |  234 | 
1259 |  235 | 
1260 |  236 | 
1261 |  237 | 
1262 |  238 | 
1263 |  239 | 
1264 |  240 | 
1265 |  241 | 
1266 |  242 | 
1267 |  243 | 
1268 |  244 | 
1269 |  245 | 
1270 |  246 | 
1271 |  247 | 
1272 |  248 | 
1273 |  249 | 
1274 |  250 | 
1275 |  251 | 
1276 |  252 | 
1277 |  253 | 
1278 |  254 | 
1279 |  255 | 
1280 |    0 | 
1281 |    1 | 
1282 |    2 | 
1283 |    3 | 
1284 |    4 | 
1285 |    5 | 
1286 |    6 | 
1287 |    7 | 
1288 |    8 | 
1289 |    9 | 
1290 |   10 | 
1291 |   11 | 
1292 |   12 | 
1293 |   13 | 
1294 |   14 | 
1295 |   15 | 
1296 |   16 | 
1297 |   17 | 
1298 |   18 | 
1299 |   19 | 
1300 |   20 | 
1301 |   21 | 
1302 |   22 | 
1303 |   23 | 
1304 |   24 | 
1305 |   25 | 
1306 |   26 | 
1307 |   27 | 
1308 |   28 | 
1309 |   29 | 
1310 |   30 | 
1311 |   31 | 
1312 |   32 | 
1313 |   33 | 
1314 |   34 | 
1315 |   35 | 
1316 |   36 | 
1317 |   37 | 
1318 |   38 | 
1319 |   39 | 
1320 |   40 | 
1321 |   41 | 
1322 |   42 | 
1323 |   43 | 
1324 |   44 | 
1325 |   45 | 
1326 |   46 | 
1327 |   47 | 
1328 |   48 | 
1329 |   49 | 
1330 |   50 | 
1331 |   51 | 
1332 |   52 | 
1333 |   53 | 
1334 |   54 | 
1335 |   55 | 
1336 |   56 | 
1337 |   57 | 
1338 |   58 | 
1339 |   59 | 
1340 |   60 | 
1341 |   61 | 
1342 |   62 | 
1343 |   63 | 
1344 |   64 | 
1345 |   65 | 
1346 |   66 | 
1347 |   67 | 
1348 |   68 | 
1349 |   69 | 
1350 |   70 | 
1351 |   71 | 
1352 |   72 | 
1353 |   73 | 
1354 |   74 | 
1355 |   75 | 
1356 |   76 | 
1357 |   77 | 
1358 |   78 | 
1359 |   79 | 
1360 |   80 | 
1361 |   81 | 
1362 |   82 | 
1363 |   83 | 
1364 |   84 | 
1365 |   85 | 
1366 |   86 | 
1367 |   87 | 
1368 |   88 | 
1369 |   89 | 
1370 |   90 | 
1371 |   91 | 
1372 |   92 | 
1373 |   93 | 
1374 |   94 | 
1375 |   95 | 
1376 |   96 | 
1377 |   97 | 
1378 |   98 | 
1379 |   99 | 
1380 |  100 | 
1381 |  101 | 
1382 |  102 | 
1383 |  103 | 
1384 |  104 | 
1385 |  105 | 
1386 |  106 | 
1387 |  107 | 
1388 |  108 | 
1389 |  109 | 
1390 |  110 | 
1391 |  111 | 
1392 |  112 | 
1393 |  113 | 
1394 |  114 | 
1395 |  115 | 
1396 |  116 | 
1397 |  117 | 
1398 |  118 | 
1399 |  119 | 
1400 |  120 | 
1401 |  121 | 
1402 |  122 | 
1403 |  123 | 
1404 |  124 | 
1405 |  125 | 
1406 |  126 | 
1407 |  127 | 
1408 |  128 | 
1409 |  129 | 
1410 |  130 | 
1411 |  131 | 
1412 |  132 | 
1413 |  133 | 
1414 |  134 | 
1415 |  135 | 
1416 |  136 | 
1417 |  137 | 
1418 |  138 | 
1419 |  139 | 
1420 |  140 | 
1421 |  141 | 
1422 |  142 | 
1423 |  143 | 
1424 |  144 | 
1425 |  145 | 
1426 |  146 | 
1427 |  147 | 
1428 |  148 | 
1429 |  149 | 
1430 |  150 | 
1431 |  151 | 
1432 |  152 | 
1433 |  153 | 
1434 |  154 | 
1435 |  155 | 
1436 |  156 | 
1437 |  157 | 
1438 |  158 | 
1439 |  159 | 
1440 |  160 | 
1441 |  161 | 
1442 |  162 | 
1443 |  163 | 
1444 |  164 | 
1445 |  165 | 
1446 |  166 | 
1447 |  167 | 
1448 |  168 | 
1449 |  169 | 
1450 |  170 | 
1451 |  171 | 
1452 |  172 | 
1453 |  173 | 
1454 |  174 | 
1455 |  175 | 
1456 |  176 | 
1457 |  177 | 
1458 |  178 | 
1459 |  179 | 
1460 |  180 | 
1461 |  181 | 
1462 |  182 | 
1463 |  183 | 
1464 |  184 | 
1465 |  185 | 
1466 |  186 | 
1467 |  187 | 
1468 |  188 | 
1469 |  189 | 
1470 |  190 | 
1471 |  191 | 
1472 |  192 | 
1473 |  193 | 
1474 |  194 | 
1475 |  195 | 
1476 |  196 | 
1477 |  197 | 
1478 |  198 | 
1479 |  199 | 
1480 |  200 | 
1481 |  201 | 
1482 |  202 | 
1483 |  203 | 
1484 |  204 | 
1485 |  205 | 
1486 |  206 | 
1487 |  207 | 
1488 |  208 | 
1489 |  209 | 
1490 |  210 | 
1491 |  211 | 
1492 |  212 | 
1493 |  213 | 
1494 |  214 | 
1495 |  215 | 
1496 |  216 | 
1497 |  217 | 
1498 |  218 | 
1499 |  219 | 
1500 |  220 | 
1501 |  221 | 
1502 |  222 | 
1503 |  223 | 
1504 |  224 | 
1505 |  225 | 
1506 |  226 | 
1507 |  227 | 
1508 |  228 | 
1509 |  229 | 
1510 |  230 | 
1511 |  231 | 
1512 |  232 | 
1513 |  233 | 
1514 |  234 | 
1515 |  235 | 
1516 |  236 | 
1517 |  237 | 
1518 |  238 | 
1519 |  239 | 
1520 |  240 | 
1521 |  241 | 
1522 |  242 | 
1523 |  243 | 
1524 |  244 | 
1525 |  245 | 
1526 |  246 | 
1527 |  247 | 
1528 |  248 | 
1529 |  249 | 
1530 |  250 | 
1531 |  251 | 
1532 |  252 | 
1533 |  253 | 
1534 |  254 | 
1535 |  255 | 
1536 |    0 | 
1537 |    1 | 
1538 |    2 | 
1539 |    3 | 
1540 |    4 | 
1541 |    5 | 
1542 |    6 | 
1543 |    7 | 
1544 |    8 | 
1545 |    9 | 
1546 |   10 | 
1547 |   11 | 
1548 |   12 | 
1549 |   13 | 
1550 |   14 | 
1551 |   15 | 
1552 |   16 | 
1553 |   17 | 
1554 |   18 | 
1555 |   19 | 
1556 |   20 | 
1557 |   21 | 
1558 |   22 | 
1559 |   23 | 
1560 |   24 | 
1561 |   25 | 
1562 |   26 | 
1563 |   27 | 
1564 |   28 | 
1565 |   29 | 
1566 |   30 | 
1567 |   31 | 
1568 |   32 | 
1569 |   33 | 
1570 |   34 | 
1571 |   35 | 
1572 |   36 | 
1573 |   37 | 
1574 |   38 | 
1575 |   39 | 
1576 |   40 | 
1577 |   41 | 
1578 |   42 | 
1579 |   43 | 
1580 |   44 | 
1581 |   45 | 
1582 |   46 | 
1583 |   47 | 
1584 |   48 | 
1585 |   49 | 
1586 |   50 | 
1587 |   51 | 
1588 |   52 | 
1589 |   53 | 
1590 |   54 | 
1591 |   55 | 
1592 |   56 | 
1593 |   57 | 
1594 |   58 | 
1595 |   59 | 
1596 |   60 | 
1597 |   61 | 
1598 |   62 | 
1599 |   63 | 
1600 |   64 | 
1601 |   65 | 
1602 |   66 | 
1603 |   67 | 
1604 |   68 | 
1605 |   69 | 
1606 |   70 | 
1607 |   71 | 
1608 |   72 | 
1609 |   73 | 
1610 |   74 | 
1611 |   75 | 
1612 |   76 | 
1613 |   77 | 
1614 |   78 | 
1615 |   79 | 
1616 |   80 | 
1617 |   81 | 
1618 |   82 | 
1619 |   83 | 
1620 |   84 | 
1621 |   85 | 
1622 |   86 | 
1623 |   87 | 
1624 |   88 | 
1625 |   89 | 
1626 |   90 | 
1627 |   91 | 
1628 |   92 | 
1629 |   93 | 
1630 |   94 | 
1631 |   95 | 
1632 |   96 | 
1633 |   97 | 
1634 |   98 | 
1635 |   99 | 
1636 |  100 | 
1637 |  101 | 
1638 |  102 | 
1639 |  103 | 
1640 |  104 | 
1641 |  105 | 
1642 |  106 | 
1643 |  107 | 
1644 |  108 | 
1645 |  109 | 
1646 |  110 | 
1647 |  111 | 
1648 |  112 | 
1649 |  113 | 
1650 |  114 | 
1651 |  115 | 
1652 |  116 | 
1653 |  117 | 
1654 |  118 | 
1655 |  119 | 
1656 |  120 | 
1657 |  121 | 
1658 |  122 | 
1659 |  123 | 
1660 |  124 | 
1661 |  125 | 
1662 |  126 | 
1663 |  127 | 
1664 |  128 | 
1665 |  129 | 
1666 |  130 | 
1667 |  131 | 
1668 |  132 | 
1669 |  133 | 
1670 |  134 | 
1671 |  135 | 
1672 |  136 | 
1673 |  137 | 
1674 |  138 | 
1675 |  139 | 
1676 |  140 | 
1677 |  141 | 
1678 |  142 | 
1679 |  143 | 
1680 |  144 | 
1681 |  145 | 
1682 |  146 | 
1683 |  147 | 
1684 |  148 | 
1685 |  149 | 
1686 |  150 | 
1687 |  151 | 
1688 |  152 | 
1689 |  153 | 
1690 |  154 | 
1691 |  155 | 
1692 |  156 | 
1693 |  157 | 
1694 |  158 | 
1695 |  159 | 
1696 |  160 | 
1697 |  161 | 
1698 |  162 | 
1699 |  163 | 
1700 |  164 | 
1701 |  165 | 
1702 |  166 | 
1703 |  167 | 
1704 |  168 | 
1705 |  169 | 
1706 |  170 | 
1707 |  171 | 
1708 |  172 | 
1709 |  173 | 
1710 |  174 | 
1711 |  175 | 
1712 |  176 | 
1713 |  177 | 
1714 |  178 | 
1715 |  179 | 
1716 |  180 | 
1717 |  181 | 
1718 |  182 | 
1719 |  183 | 
1720 |  184 | 
1721 |  185 | 
1722 |  186 | 
1723 |  187 | 
1724 |  188 | 
1725 |  189 | 
1726 |  190 | 
1727 |  191 | 
1728 |  192 | 
1729 |  193 | 
1730 |  194 | 
1731 |  195 | 
1732 |  196 | 
1733 |  197 | 
1734 |  198 | 
1735 |  199 | 
1736 |  200 | 
1737 |  201 | 
1738 |  202 | 
1739 |  203 | 
1740 |  204 | 
1741 |  205 | 
1742 |  206 | 
1743 |  207 | 
1744 |  208 | 
1745 |  209 | 
1746 |  210 | 
1747 |  211 | 
1748 |  212 | 
1749 |  213 | 
1750 |  214 | 
1751 |  215 | 
1752 |  216 | 
1753 |  217 | 
1754 |  218 | 
1755 |  219 | 
1756 |  220 | 
1757 |  221 | 
1758 |  222 | 
1759 |  223 | 
1760 |  224 | 
1761 |  225 | 
1762 |  226 | 
1763 |  227 | 
1764 |  228 | 
1765 |  229 | 
1766 |  230 | 
1767 |  231 | 
1768 |  232 | 
1769 |  233 | 
1770 |  234 | 
1771 |  235 | 
1772 |  236 | 
1773 |  237 | 
1774 |  238 | 
1775 |  239 | 
1776 |  240 | 
1777 |  241 | 
1778 |  242 | 
1779 |  243 | 
1780 |  244 | 
1781 |  245 | 
1782 |  246 | 
1783 |  247 | 
1784 |  248 | 
1785 |  249 | 
1786 |  250 | 
1787 |  251 | 
1788 |  252 | 
1789 |  253 | 
1790 |  254 | 
1791 |  255 | 
1792 |    0 | 
1793 |    1 | 
1794 |    2 | 
1795 |    3 | 
1796 |    4 | 
1797 |    5 | 
1798 |    6 | 
1799 |    7 | 
1800 |    8 | 
1801 |    9 | 
1802 |   10 | 
1803 |   11 | 
1804 |   12 | 
1805 |   13 | 
1806 |   14 | 
1807 |   15 | 
1808 |   16 | 
1809 |   17 | 
1810 |   18 | 
1811 |   19 | 
1812 |   20 | 
1813 |   21 | 
1814 |   22 | 
1815 |   23 | 
1816 |   24 | 
1817 |   25 | 
1818 |   26 | 
1819 |   27 | 
1820 |   28 | 
1821 |   29 | 
1822 |   30 | 
1823 |   31 | 
1824 |   32 | 
1825 |   33 | 
1826 |   34 | 
1827 |   35 | 
1828 |   36 | 
1829 |   37 | 
1830 |   38 | 
1831 |   39 | 
1832 |   40 | 
1833 |   41 | 
1834 |   42 | 
1835 |   43 | 
1836 |   44 | 
1837 |   45 | 
1838 |   46 | 
1839 |   47 | 
1840 |   48 | 
1841 |   49 | 
1842 |   50 | 
1843 |   51 | 
1844 |   52 | 
1845 |   53 | 
1846 |   54 | 
1847 |   55 | 
1848 |   56 | 
1849 |   57 | 
1850 |   58 | 
1851 |   59 | 
1852 |   60 | 
1853 |   61 | 
1854 |   62 | 
1855 |   63 | 
1856 |   64 | 
1857 |   65 | 
1858 |   66 | 
1859 |   67 | 
1860 |   68 | 
1861 |   69 | 
1862 |   70 | 
1863 |   71 | 
1864 |   72 | 
1865 |   73 | 
1866 |   74 | 
1867 |   75 | 
1868 |   76 | 
1869 |   77 | 
1870 |   78 | 
1871 |   79 | 
1872 |   80 | 
1873 |   81 | 
1874 |   82 | 
1875 |   83 | 
1876 |   84 | 
1877 |   85 | 
1878 |   86 | 
1879 |   87 | 
1880 |   88 | 
1881 |   89 | 
1882 |   90 | 
1883 |   91 | 
1884 |   92 | 
1885 |   93 | 
1886 |   94 | 
1887 |   95 | 
1888 |   96 | 
1889 |   97 | 
1890 |   98 | 
1891 |   99 | 
1892 |  100 | 
1893 |  101 | 
1894 |  102 | 
1895 |  103 | 
1896 |  104 | 
1897 |  105 | 
1898 |  106 | 
1899 |  107 | 
1900 |  108 | 
1901 |  109 | 
1902 |  110 | 
1903 |  111 | 
1904 |  112 | 
1905 |  113 | 
1906 |  114 | 
1907 |  115 | 
1908 |  116 | 
1909 |  117 | 
1910 |  118 | 
1911 |  119 | 
1912 |  120 | 
1913 |  121 | 
1914 |  122 | 
1915 |  123 | 
1916 |  124 | 
1917 |  125 | 
1918 |  126 | 
1919 |  127 | 
1920 |  128 | 
1921 |  129 | 
1922 |  130 | 
1923 |  131 | 
1924 |  132 | 
1925 |  133 | 
1926 |  134 | 
1927 |  135 | 
1928 |  136 | 
1929 |  137 | 
1930 |  138 | 
1931 |  139 | 
1932 |  140 | 
1933 |  141 | 
1934 |  142 | 
1935 |  143 | 
1936 |  144 | 
1937 |  145 | 
1938 |  146 | 
1939 |  147 | 
1940 |  148 | 
1941 |  149 | 
1942 |  150 | 
1943 |  151 | 
1944 |  152 | 
1945 |  153 | 
1946 |  154 | 
1947 |  155 | 
1948 |  156 | 
1949 |  157 | 
1950 |  158 | 
1951 |  159 | 
1952 |  160 | 
1953 |  161 | 
1954 |  162 | 
1955 |  163 | 
1956 |  164 | 
1957 |  165 | 
1958 |  166 | 
1959 |  167 | 
1960 |  168 | 
1961 |  169 | 
1962 |  170 | 
1963 |  171 | 
1964 |  172 | 
1965 |  173 | 
1966 |  174 | 
1967 |  175 | 
1968 |  176 | 
1969 |  177 | 
1970 |  178 | 
1971 |  179 | 
1972 |  180 | 
1973 |  181 | 
1974 |  182 | 
1975 |  183 | 
1976 |  184 | 
1977 |  185 | 
1978 |  186 | 
1979 |  187 | 
1980 |  188 | 
1981 |  189 | 
1982 |  190 | 
1983 |  191 | 
1984 |  192 | 
1985 |  193 | 
1986 |  194 | 
1987 |  195 | 
1988 |  196 | 
1989 |  197 | 
1990 |  198 | 
1991 |  199 | 
1992 |  200 | 
1993 |  201 | 
1994 |  202 | 
1995 |  203 | 
1996 |  204 | 
1997 |  205 | 
1998 |  206 | 
1999 |  207 | 
2000 |  208 | 
2001 |  209 | 
2002 |  210 | 
2003 |  211 | 
2004 |  212 | 
2005 |  213 | 
2006 |  214 | 
2007 |  215 | 
2008 |  216 | 
2009 |  217 | 
2010 |  218 | 
2011 |  219 | 
2012 |  220 | 
2013 |  221 | 
2014 |  222 | 
2015 |  223 | 
2016 |  224 | 
2017 |  225 | 
2018 |  226 | 
2019 |  227 | 
2020 |  228 | 
2021 |  229 | 
2022 |  230 | 
2023 |  231 | 
2024 |  232 | 
2025 |  233 | 
2026 |  234 | 
2027 |  235 | 
2028 |  236 | 
2029 |  237 | 
2030 |  238 | 
2031 |  239 | 
2032 |  240 | 
2033 |  241 | 
2034 |  242 | 
2035 |  243 | 
2036 |  244 | 
2037 |  245 | 
2038 |  246 | 
2039 |  247 | 
2040 |  248 | 
2041 |  249 | 
2042 |  250 | 
2043 |  251 | 
2044 |  252 | 
2045 |  253 | 
2046 |  254 | 
2047 |  255 | 



Table 2 Histogram (bounded to what aligns with table 1
  0 |********
  1 |********
  2 |********
  3 |********
  4 |********
  5 |********
  6 |********
  7 |********
  8 |********
  9 |********
 10 |********
 11 |********
 12 |********
 13 |********
 14 |********
 15 |********
 16 |********
 17 |********
 18 |********
 19 |********
 20 |********
 21 |********
 22 |********
 23 |********
 24 |********
 25 |********
 26 |********
 27 |********
 28 |********
 29 |********
 30 |********
 31 |********
 32 |********
 33 |********
 34 |********
 35 |********
 36 |********
 37 |********
 38 |********
 39 |********
 40 |********
 41 |********
 42 |********
 43 |********
 44 |********
 45 |********
 46 |********
 47 |********
 48 |********
 49 |********
 50 |********
 51 |********
 52 |********
 53 |********
 54 |********
 55 |********
 56 |********
 57 |********
 58 |********
 59 |********
 60 |********
 61 |********
 62 |********
 63 |********
 64 |********
 65 |********
 66 |********
 67 |********
 68 |********
 69 |********
 70 |********
 71 |********
 72 |********
 73 |********
 74 |********
 75 |********
 76 |********
 77 |********
 78 |********
 79 |********
 80 |********
 81 |********
 82 |********
 83 |********
 84 |********
 85 |********
 86 |********
 87 |********
 88 |********
 89 |********
 90 |********
 91 |********
 92 |********
 93 |********
 94 |********
 95 |********
 96 |********
 97 |********
 98 |********
 99 |********
100 |********
101 |********
102 |********
103 |********
104 |********
105 |********
106 |********
107 |********
108 |********
109 |********
110 |********
111 |********
112 |********
113 |********
114 |********
115 |********
116 |********
117 |********
118 |********
119 |********
120 |********
121 |********
122 |********
123 |********
124 |********
125 |********
126 |********
127 |********
128 |********
129 |********
130 |********
131 |********
132 |********
133 |********
134 |********
135 |********
136 |********
137 |********
138 |********
139 |********
140 |********
141 |********
142 |********
143 |********
144 |********
145 |********
146 |********
147 |********
148 |********
149 |********
150 |********
151 |********
152 |********
153 |********
154 |********
155 |********
156 |********
157 |********
158 |********
159 |********
160 |********
161 |********
162 |********
163 |********
164 |********
165 |********
166 |********
167 |********
168 |********
169 |********
170 |********
171 |********
172 |********
173 |********
174 |********
175 |********
176 |********
177 |********
178 |********
179 |********
180 |********
181 |********
182 |********
183 |********
184 |********
185 |********
186 |********
187 |********
188 |********
189 |********
190 |********
191 |********
192 |********
193 |********
194 |********
195 |********
196 |********
197 |********
198 |********
199 |********
200 |********
201 |********
202 |********
203 |********
204 |********
205 |********
206 |********
207 |********
208 |********
209 |********
210 |********
211 |********
212 |********
213 |********
214 |********
215 |********
216 |********
217 |********
218 |********
219 |********
220 |********
221 |********
222 |********
223 |********
224 |********
225 |********
226 |********
227 |********
228 |********
229 |********
230 |********
231 |********
232 |********
233 |********
234 |********
235 |********
236 |********
237 |********
238 |********
239 |********
240 |********
241 |********
242 |********
243 |********
244 |********
245 |********
246 |********
247 |********
248 |********
249 |********
250 |********
251 |********
252 |********
253 |********
254 |********
255 |********


Unmappable Values
    | Key  | Val
  0 |  181 |  181
  1 |  202 |  202
  2 |  231 |  231
  3 |  232 |  232
  4 |  233 |  233
  5 |  236 |  236
  6 |  239 |  239
  7 |  242 |  242
  8 |  245 |  245
  9 |  244 |  244
 10 |  247 |  247
 11 |  248 |  248
 12 |  249 |  249
 13 |  250 |  250
 14 |  251 |  251
 15 |  252 |  252
 16 |  255 |  255
[Inferior 1 (process 3879046) exited normally]
