0 3
1 776123796
2 168210540
3 155409623
4 685948342
5 1973269333
6 151692331
7 1447086805
8 78671411
9 223036787
10 728598066
11 33806622
12 141893427
13 355208215
14 114801433
15 690881198
16 138731820
17 1795050929
18 212741261
19 296738292
20 1594394213
21 168006172
22 1999742507
23 175834199
24 106555121
25 246272594
26 161026556
27 171404862
28 13702724
29 2137571946
30 441866189
31 1346898367
32 190175089
33 1041921086
34 577894690
35 170648106
36 130143451
37 95119067
38 1019601434
39 259021192
40 103857286
41 1953263012
42 1910089197
43 257438331
44 361021573
45 51881900
46 154967864
47 19651323
48 181293971
49 1546632627
50 2064477206
