0 4
1 1616818443
2 188888725
3 1544030709
4 688769068
5 989271741
6 2001776811
7 705328926
8 293859651
9 469649179
10 1764645724
11 1870693183
12 1052262575
13 1956458954
14 999619586
15 655880518
16 632098606
17 554220318
18 900722438
19 1085182671
20 2103105377
21 2143299421
22 101636315
23 1018694693
24 1458974528
25 662706912
26 810921052
27 916451123
28 91568755
29 1744917100
30 5635351
31 1834385804
32 1696268796
33 54790742
34 811089041
35 351856322
36 2145071191
37 444490279
38 1105535974
39 1346272830
40 1080352134
41 957879219
42 240810036
43 65120960
44 901097605
45 344041671
46 519268159
47 2040755590
48 10229480
49 259502753
50 1471710624
51 151898654
52 2086746645
53 1782772869
54 1864931483
55 1899457244
56 1875830728
57 1573206766
58 178968127
59 24250559
60 462562963
61 2006046421
62 1985780895
63 156451798
64 551491991
65 181180591
66 48294105
67 316462745
68 1403302870
69 336112475
70 112233049
71 1167666669
72 1449417986
73 719194848
74 1398458655
75 1136113459
76 1212308466
77 1907532176
78 1922015039
79 1065258266
80 1952019384
81 266276460
82 1171571379
83 702803571
84 1283703739
85 194234069
86 1802533752
87 1927828936
88 386963460
89 56739143
90 173232263
91 252398858
92 238882426
93 97524149
94 1250548230
95 481565070
96 121184451
97 24374577
98 919265439
99 584610076
100 890148333
101 424850829
102 162729431
103 1888044966
104 1228849122
105 1458723613
106 1791545761
107 2063701776
108 1918507294
109 1413916911
110 1409866959
111 868246504
112 1618592231
113 414968195
114 1500694037
115 1756145480
116 49140668
117 1058028234
118 1532939522
119 1164602044
120 606869823
121 413403867
122 874378760
123 1088487490
124 2127997103
125 1452849198
126 1033087050
127 2051983836
128 955833877
129 1937149628
130 95347857
131 187981252
132 469510442
133 1194991650
134 135712555
135 1902839664
136 1014793822
137 427197078
138 2013389242
139 1294000727
140 545364876
141 1817478256
142 334584895
143 726464881
144 1154583154
145 2021266508
146 501851865
147 1008994593
148 1102960766
149 50734033
150 1876664099
151 126998951
152 279941379
153 1093255569
154 226544783
155 1706530296
156 1161508655
157 1457580526
158 1014338351
159 1333473662
160 735629264
161 762244736
162 633670097
163 2016350222
164 750610542
165 177692946
166 269942884
167 1280981506
168 1183180173
169 1299327665
170 117912494
171 1425638826
172 317181961
173 946783496
174 558188208
175 197611443
176 37847253
177 110713927
178 314669193
179 1689996375
180 1118771193
181 1287083390
182 1903517726
183 942320474
184 1250140260
185 1580767791
186 768915879
187 1703242953
188 715531739
189 255607396
190 2070241194
191 1415156450
192 1949836867
193 1312726464
194 1181987539
195 919474041
196 9343087
197 1723929388
198 1732216654
199 1330221047
200 1703199778
201 988810563
202 1325256211
203 64322535
204 2125837243
205 2144963782
206 463548272
207 1576428846
208 1684008838
209 1149951513
210 22546546
211 1754507178
212 572908411
213 862587973
214 1561825108
215 676955102
216 378872277
217 20988395
218 325661149
219 406637741
220 232533711
221 616583551
222 312613845
223 174443320
224 1917447245
225 578869138
226 672664850
227 500283825
228 1166561701
229 31350262
230 458103193
231 567898218
232 1157199220
233 885804870
234 728608356
235 133181507
236 646403845
237 291351220
238 222314554
239 1166483439
240 2013358373
241 163118918
242 226275914
243 328621012
244 609795109
245 1548452061
246 406497315
247 551594935
248 517990485
249 863711668
250 97740024
251 1087425150
252 2048496977
253 1471230524
254 196032114
255 1170653418
256 1650843367
257 2050564396
258 1008395426
259 527178972
260 42695516
261 1036401479
262 382316647
263 817228466
264 663269812
265 667536806
266 840119001
267 1106323224
268 47456439
269 1059799536
270 128311095
271 672350455
272 1374740697
273 553281459
274 551266911
275 1017553571
276 860660058
277 450356601
278 313084851
279 2105988203
280 1547089398
281 1290789628
282 1516892421
283 996442641
284 41730765
285 808373188
286 13638995
287 284381037
288 1252570689
289 360935630
290 658201096
291 1839246425
292 393777719
293 612769689
294 399785161
295 1517502568
296 1655665462
297 1254943892
298 88633134
299 933658125
300 212865192
301 1026762786
302 60299962
303 913045840
304 1396702577
305 191815430
306 1200691919
307 1735113745
308 489099520
309 783020902
310 822850797
311 1219257827
312 678048438
313 12931682
314 1185441102
315 1804315784
316 722070730
317 211718565
318 533765362
319 1134369482
320 1594088594
321 66789637
322 1289181897
323 574171432
324 1577324200
325 1550410189
326 1217894812
327 856004128
328 1154618342
329 894886009
330 67605095
331 892074969
332 1480581238
333 26327365
334 1185027612
335 511699733
336 571440174
337 739397145
338 2067695821
339 493075932
340 781060823
341 1461795760
342 1391461083
343 1687285743
344 1497050073
345 510825016
346 1847215471
347 55230321
348 724964234
349 344661845
350 1379990445
351 649566072
352 472560647
353 762570350
354 1870173581
355 922405225
356 1138719232
357 1098495150
358 2069147533
359 1622414435
360 1266304451
361 1758319987
362 31244968
363 315459061
364 135227029
365 1657356315
366 1024937958
367 590697798
368 2031297081
369 793605807
370 106985921
371 1336227624
372 1715118767
373 1713419857
374 1881498691
375 237006135
376 2020973277
377 1662237862
378 1330508315
379 1557024622
380 972692919
381 1461939217
382 2137786619
383 110249232
384 1230751476
385 1908965784
386 626142852
387 1387559720
388 1306529863
389 1966046157
390 618680925
391 582902453
392 195132855
393 79313330
394 1678760053
395 835486430
396 255761413
397 1731160431
398 1209266391
399 83021148
400 367704084
401 1210884429
402 1081154265
403 387316171
404 1022833779
405 1305261038
406 1163012411
407 123340549
408 281397809
409 812850697
410 1815086120
411 610937268
412 1399757492
413 808634841
414 327530252
415 43151066
416 32863798
417 1944392260
418 784420318
419 640280981
420 818829865
421 147658551
422 1817281567
423 1773413050
424 610528641
425 1554631291
426 50474187
427 1531001791
428 2051619878
429 1642646531
430 45514806
431 1115808812
432 2036108588
433 1558762137
434 1924506877
435 650895949
436 947407652
437 1258768096
438 1624619057
439 1028559156
440 1473314192
441 686154759
442 1783424230
443 1700555948
444 680440380
445 452544908
446 241992411
447 1026445770
448 1092376706
449 1437146405
450 1917496935
451 2140568963
452 834386474
453 1962262529
454 47367341
455 1278747794
456 1030150731
457 1489677875
458 1088399770
459 141882662
460 529861138
461 1491290388
462 1794873155
463 71100526
464 1093012927
465 845233206
466 1236962660
467 249002752
468 482323145
469 144640000
470 1442552411
471 2141947775
472 1413526527
473 2021790680
474 590586633
475 697951239
476 1119638542
477 480869308
478 846052345
479 641952847
480 342687557
481 842715314
482 1998977988
483 537412060
484 1901856177
485 725777234
486 1595085283
487 234689157
488 1368270999
489 1424688274
490 202020016
491 611226203
492 1589706026
493 457764449
494 258330113
495 1394145798
496 694929954
497 40798966
498 555004590
499 980527097
500 707808714
501 988209160
502 1869758113
503 1592386432
504 1916181698
505 1929686533
506 575953234
507 508406518
508 174649629
509 562373222
510 511730264
511 75671957
512 1362407417
513 611774548
514 975900946
515 2114270621
516 1866914975
517 387140115
518 981583806
519 590545256
520 796435174
521 1848040203
522 1956501886
523 877444212
524 989245066
525 364346186
526 664153128
527 177430055
528 125974509
529 279361371
530 1343557714
531 229423333
532 46756850
533 1517529665
534 748092019
535 1627043903
536 653580934
537 626996059
538 60044243
539 222807183
540 1843081207
541 394341106
542 24578190
543 950837096
544 70055464
545 1794573502
546 156983806
547 1439588178
548 267896277
549 1305047592
550 142817887
551 416758755
552 934387899
553 1505696627
554 260113239
555 1651320353
556 1867765575
557 608486829
558 458616476
559 1865614088
560 44019747
561 1039261626
562 381422749
563 1866376948
564 614600933
565 1774842054
566 1524006549
567 308030126
568 1846728625
569 1461686115
570 343516504
571 1994665954
572 1375440679
573 465585060
574 1518704234
575 1299963477
576 954744709
577 258101182
578 1860369866
579 1185785254
580 153179951
581 463333028
582 2005498324
583 453960289
584 93235747
585 411084411
586 295728072
587 1619613371
588 494416924
589 210056279
590 1712573581
591 634223331
592 2053829076
593 1036174214
594 522002843
595 37802606
596 1197939350
597 697946650
598 1280399521
599 1991490147
600 260207037
601 650088852
602 1534915054
603 2081372829
604 115787318
605 879194469
606 1955106748
607 1225481987
608 1911321659
609 1595850310
610 967345097
611 1674351781
612 665027168
613 2120318866
614 1425168273
615 990083491
616 2038068295
617 1081060669
618 623760458
619 1630388136
620 70646935
621 50924128
622 741399239
623 1299519229
624 256232763
625 1036620059
626 1469298195
627 1729042947
628 1820371526
629 82682025
630 666238937
631 868618210
632 1508320479
633 1981680952
634 166663902
635 1486605778
636 1361272613
637 1975238489
638 486359849
639 1111216001
640 564102730
641 774446971
642 1836841580
643 1321839430
644 415125015
645 98441497
646 2105825191
647 841161415
648 1535774180
649 210177597
650 85251142
651 756639090
652 144530453
653 69166053
654 8428263
655 1165514867
656 607428992
657 692729398
658 76375201
659 1184226750
660 1969691180
661 309566601
662 913648799
663 1150817643
664 238457909
665 691947099
666 1812468372
667 1490162242
668 161538009
669 1427502929
670 851660747
671 1231624069
672 218761098
673 755929277
674 1799332326
675 1061321968
676 176641637
677 381622858
678 794776070
679 297732832
680 941340015
681 55299661
682 1547126221
683 1539548422
684 36401191
685 166862111
686 2057277023
687 39053425
688 1653483504
689 2129594168
690 1684940195
691 1055031789
692 1953795353
693 133493191
694 972780140
695 725999479
696 1676212227
697 1977964984
698 1687643863
699 1828120268
700 145309080
701 1176257655
702 864311236
703 1024668369
704 825519007
705 112595176
706 481894837
707 1552044748
708 1212140226
709 1454415299
710 1905205881
711 1544996857
712 1662086411
713 1892884351
714 1690517995
715 1173191032
716 946003109
717 212840009
718 191505203
719 1641766566
720 1902352462
721 169555235
722 2068882047
723 226285878
724 821208414
725 1174430389
726 1580996591
727 1748660431
728 267130507
729 1554364195
730 292897613
731 759820242
732 340539142
733 122401197
734 1695302010
735 1237965122
736 918987892
737 619716988
738 596245256
739 23142848
740 837804345
741 263660942
742 2078623920
743 1187158958
744 468919144
745 1820500442
746 410474015
747 2062621107
748 74736433
749 1166312585
750 1667025441
751 1094333040
752 1993013166
753 2080728045
754 303488308
755 844160500
756 590148421
757 180295061
758 1293299757
759 361868642
760 1019764751
761 1086119480
762 1591830162
763 1180978706
764 556864366
765 504262646
766 489890181
767 120715138
768 1536709864
769 1902018853
770 1601410267
771 1297489264
772 208353016
773 209253630
774 1626827357
775 1768916894
776 543222960
777 1555472264
778 1543278744
779 646339326
780 1895885640
781 1161458885
782 20732859
783 140653429
784 2046220462
785 1205713091
786 1675440383
787 1031824784
788 225608983
789 300053876
790 1189693181
791 1349411668
792 673018404
793 2011685725
794 2133713704
795 91043044
796 60891107
797 1468514130
798 456154133
799 736345895
800 1353855807
801 1609564297
802 1088751067
803 1193012750
804 66062968
805 1105069388
806 321595217
807 791350906
808 1079639933
809 563096711
810 641659379
811 508109928
812 1229823691
813 813975353
814 2146413011
815 1702509529
816 1507053111
817 1726334419
818 213669019
819 1878584428
820 405947661
821 997760377
822 870262252
823 1024414209
824 424537407
825 330582654
826 481642272
827 1035577713
828 1556190026
829 1038039813
830 1184233446
831 1223902560
832 1305570524
833 716847127
834 424918853
835 1169990095
836 1488561917
837 2046089
838 439670693
839 908802379
840 1320144144
841 406841120
842 2030744862
843 537355665
844 232290472
845 425144474
846 893203771
847 1677037683
848 524093447
849 1421963801
850 962829908
851 986525817
852 158806072
853 790569856
854 523174938
855 172788593
856 1225084478
857 482036125
858 1427251849
859 1548169845
860 1450134524
861 1635566005
862 826814487
863 223013964
864 489778238
865 1531032197
866 519452176
867 1292971822
868 1869712207
869 1577866457
870 243963211
871 1248538277
872 1395942176
873 128983853
874 1157171158
875 436824405
876 1557411122
877 1169444070
878 1273051501
879 507329699
880 1377256572
881 162023467
882 980126869
883 1709567259
884 1898127924
885 1319500210
886 609005050
887 1078729228
888 198746290
889 2124148849
890 755230792
891 34484781
892 917372123
893 554523882
894 1801540772
895 1419414821
896 707046683
897 1967764333
898 1705127198
899 1486332775
900 1398897923
901 528550108
902 1198242109
903 1593064985
904 1395173295
905 1386703946
906 1226901561
907 281010222
908 1466693668
909 361008938
910 175560717
911 360239470
912 239927354
913 939533752
914 882515657
915 377477020
916 415676618
917 1002364761
918 766887554
919 1840763766
920 1821358517
921 470389032
922 1144060084
923 617711531
924 746403589
925 898120462
926 475023174
927 829954052
928 1318709428
929 1348093754
930 1191404284
931 140460455
932 1037720997
933 698556381
934 553853750
935 62384564
936 765025800
937 1836909875
938 514649336
939 1535950342
940 515709355
941 267145341
942 197985361
943 1248905591
944 918087667
945 2009695125
946 1210411183
947 2113468088
948 911291791
949 841291641
950 1914371595
951 884170182
952 1329228331
953 814779073
954 1022869641
955 1250783218
956 1840271981
957 1872021359
958 34863624
959 1850720541
960 13362753
961 596758770
962 1926122240
963 1796849662
964 418088167
965 1535920767
966 123413181
967 1694290900
968 154699671
969 1758429106
970 2128784336
971 1524414235
972 1257875785
973 886013361
974 1168412104
975 693599609
976 569995198
977 1023453874
978 752058707
979 556978695
980 160178383
981 149051952
982 1983489504
983 546822812
984 1307089570
985 1145362607
986 1746337937
987 635963456
988 386490089
989 660735517
990 298382500
991 13658003
992 924618289
993 236182814
994 249523569
995 1369931833
996 466953250
997 1152820834
998 2126771181
999 1807063276
1000 138558595
1001 116195515
1002 1115235034
1003 1308707400
1004 1710981281
1005 52489826
1006 1125639788
1007 1279615844
1008 117953873
1009 1325857446
1010 1128358029
1011 1576643003
1012 394298141
1013 565242993
1014 1481986140
1015 52098116
1016 292236762
1017 649294281
1018 1867802806
1019 843760870
1020 1015709658
1021 479931913
1022 2013464674
1023 1138484920
1024 1318926260
1025 1620463876
1026 2030378814
1027 1781853506
1028 849985781
1029 1340472712
1030 78912407
1031 127518561
1032 1725268476
1033 927425117
1034 1364450584
1035 829197698
1036 1237266268
1037 1137731023
1038 82676616
1039 147886374
1040 2139116527
1041 435122413
1042 135353369
1043 204534958
1044 1971214628
1045 68196258
1046 1480342852
1047 664948230
1048 54611443
1049 1605719648
1050 1890803299
1051 766992740
1052 139374346
1053 1636435130
1054 571123169
1055 202022987
1056 380387354
1057 1849716452
1058 1452892378
1059 297367795
1060 519923200
1061 1804499402
1062 1100662757
1063 1642567430
1064 46432634
1065 831301554
1066 1776540178
1067 1708957046
1068 1566361691
1069 1490792816
1070 414886959
1071 1234019066
1072 1690925352
1073 1204212881
1074 772171849
1075 1553733550
1076 288677388
1077 2117696252
1078 1127813243
1079 39656412
1080 1522473027
1081 956789867
1082 1445988193
1083 104645345
1084 2037095208
1085 560325104
1086 1366711627
1087 317707211
1088 1255146837
1089 69521004
1090 1679767391
1091 2073673406
1092 817218351
1093 2099075364
1094 260680954
1095 484111290
1096 253127594
1097 51561615
1098 178900930
1099 208079752
1100 1859450895
1101 249791956
1102 1641934883
1103 1660971566
1104 95977367
1105 740239946
1106 1951200426
1107 354612408
1108 26849695
1109 1596318417
1110 1346814696
1111 733925434
1112 2001440834
1113 1978881796
1114 1389424647
1115 1936337877
1116 301317120
1117 769578878
1118 1759513490
1119 2057445475
1120 2018297260
1121 1913096909
1122 636534180
1123 80892824
1124 1750317081
1125 111429987
1126 1175323746
1127 2060146864
1128 1315935857
1129 1065467933
1130 473565563
1131 290875346
1132 1237938820
1133 1268080319
1134 1514005174
1135 817344193
1136 218196376
1137 1155305786
1138 578685574
1139 572268977
1140 666304355
1141 1469705251
1142 1467692088
1143 1008232841
1144 203777016
1145 357505017
1146 933519467
1147 1749480480
1148 908174841
1149 242407924
1150 1469500284
1151 129793006
1152 745206803
1153 126634570
1154 849680912
1155 751213909
1156 23917366
1157 2129077604
1158 1055527948
1159 331547306
1160 1534789775
1161 643135890
1162 21491328
1163 431305051
1164 1588813935
1165 638955172
1166 1844608060
1167 1592227911
1168 1909988551
1169 576139795
1170 1471479920
1171 230208695
1172 55640854
1173 1026823354
1174 1100793555
1175 913239158
1176 840142942
1177 1638796869
1178 1556853368
1179 1025718572
1180 29974708
1181 1596389970
1182 1274719821
1183 1103990731
1184 1091761434
1185 1212608784
1186 427778136
1187 29589141
1188 1617220415
1189 1695867790
1190 184573164
1191 85827210
1192 971212313
1193 382156479
1194 1530623976
1195 1623271645
1196 458384500
1197 968760296
1198 1362004457
1199 1764447175
1200 1656243945
1201 358995080
1202 563273953
1203 435961966
1204 847266928
1205 42940526
1206 902886207
1207 680300968
1208 1749366320
1209 1870591839
1210 942262037
1211 544936195
1212 1444588894
1213 693504070
1214 255349367
1215 68485743
1216 532550947
1217 1506561597
1218 1508176655
1219 1466560442
1220 2109012378
1221 1910417666
1222 125852159
1223 725613331
1224 32234949
1225 1326200275
1226 1447670847
1227 94074570
1228 830901866
1229 29701181
1230 971479831
1231 1233595876
1232 138422223
1233 1985920830
1234 658787139
1235 253186255
1236 68383394
1237 649830165
1238 1948415925
1239 104620052
1240 317678893
1241 1530132044
1242 922706282
1243 1253661263
1244 143475398
1245 5090954
1246 1699135756
1247 1163496467
1248 221362895
1249 1803966785
1250 1856085796
1251 1165848785
1252 1671907595
1253 883592831
1254 214348156
1255 604386501
1256 1034337539
1257 762885464
1258 346696599
1259 64294847
1260 200704915
1261 558774160
1262 2494214
1263 2103797856
1264 604908446
1265 152828441
1266 746239501
1267 873595195
1268 1293179853
1269 685651698
1270 423568296
1271 232477518
1272 206618675
1273 228757618
1274 1932768887
1275 90222753
1276 1279245486
1277 2116807577
1278 89701839
1279 2106398639
1280 903592128
1281 1284373601
1282 1989957383
1283 1446135799
1284 206777397
1285 411832539
1286 1319165853
1287 137849438
1288 127574293
1289 702771285
1290 240768747
1291 1449604883
1292 1894952837
1293 1873877818
1294 1970461395
1295 1347426995
1296 1795587828
1297 545416306
1298 1442342143
1299 826980346
1300 954317079
1301 1152866062
1302 1907703101
1303 726476540
1304 1160180460
1305 720826370
1306 1870146387
1307 1457729978
1308 43486185
1309 171521909
1310 1482209642
1311 584848542
1312 1347145862
1313 1795027927
1314 797796616
1315 178397551
1316 2130014499
1317 866646756
1318 1878277518
1319 127174335
1320 1707512748
1321 660191932
1322 251457558
1323 246199936
1324 253268080
1325 1725884242
1326 1499315242
1327 1954817256
1328 972308109
1329 2102257552
1330 47528952
1331 220150992
1332 1921108956
1333 2102311436
1334 1375421705
1335 1423612294
1336 951189105
1337 2131141195
1338 130805395
1339 1406775833
1340 240671849
1341 1038461305
1342 494769314
1343 343227912
1344 1899542596
1345 2011182896
1346 664469466
1347 205708588
1348 362477770
1349 494763826
1350 2006029219
1351 1964242524
1352 1387823220
1353 338449459
1354 502911058
1355 1152745025
1356 280682919
1357 371438353
1358 1909451549
1359 792343696
1360 18620715
1361 2134925720
1362 1174350052
1363 772087970
1364 715919409
1365 1865188972
1366 381413166
1367 1774345705
1368 1343877076
1369 2018458453
1370 709473834
1371 1348910312
1372 1126041759
1373 1649290771
1374 2057265641
1375 1701850373
1376 501568271
1377 1477149935
1378 184271574
1379 416056168
1380 323149407
1381 1404299143
1382 168875865
1383 477825112
1384 1803919994
1385 1822316209
1386 710175081
1387 2038205974
1388 2100554323
1389 467091321
1390 291613880
1391 1261402016
1392 1841020912
1393 1810226499
1394 1292359609
1395 878104185
1396 1759026170
1397 835532717
1398 1045636404
1399 257356411
1400 1555856576
1401 739087575
1402 1107986993
1403 200024005
1404 1659148838
1405 2080362119
1406 572917014
1407 237266106
1408 586833245
1409 2011366002
1410 1066048210
1411 1928803039
1412 1778003630
1413 607826561
1414 1023546098
1415 337619294
1416 241299340
1417 294607113
1418 138620690
1419 854787353
1420 1603316992
1421 1026833797
1422 685172521
1423 152288838
1424 966755300
1425 182844672
1426 2099695495
1427 1493363811
1428 2103239398
1429 1151452269
1430 2047383357
1431 1716138715
1432 298953578
1433 2002008318
1434 292942823
1435 473891106
1436 248818662
1437 76385941
1438 1806902030
1439 878687280
1440 2058805251
1441 314917008
1442 683099945
1443 845748978
1444 1982076118
1445 145684834
1446 163531552
1447 291798893
1448 68518089
1449 1395933423
1450 661639883
1451 634583098
1452 292094475
1453 1689468203
1454 552243253
1455 86402002
1456 2045653688
1457 1776960837
1458 1536697881
1459 174535721
1460 569730779
1461 1422375381
1462 1763885712
1463 741755936
1464 197271220
1465 1945054948
1466 736489934
1467 130583741
1468 1311713769
1469 258539378
1470 227045113
1471 1113082279
1472 757248372
1473 1897497355
1474 1079542904
1475 537643259
1476 225742514
1477 1688508196
1478 1187486139
1479 1657555554
1480 674057864
1481 1910182131
1482 405207943
1483 1578561458
1484 1643788529
1485 1752826963
1486 675001047
1487 927005605
1488 1234589519
1489 1526057053
1490 1227791653
1491 755199872
1492 732974361
1493 953328832
1494 1467476718
1495 22748528
1496 1601497435
1497 878063827
1498 249270100
1499 96025744
1500 2115547310
1501 1590323933
1502 2081174224
1503 974148489
1504 1552427218
1505 955813770
1506 183620022
1507 1953643451
1508 1160237569
1509 1967824183
1510 1367375313
1511 189379532
1512 260601887
1513 1507516171
1514 933660820
1515 1601208555
1516 1619662519
1517 1504261524
1518 1837529744
1519 658733686
1520 588449513
1521 579343062
1522 275670036
1523 86033521
1524 1190542818
1525 943503758
1526 1449620322
1527 1787393953
1528 1112021330
1529 989815457
1530 1247959834
1531 999185843
1532 802584381
1533 1326705920
1534 2064195949
1535 96222188
1536 249401828
1537 1137430537
1538 551381457
1539 787400481
1540 1470591279
1541 1624107049
1542 1413401653
1543 42600070
1544 696548069
1545 674981823
1546 2118342163
1547 1272551027
1548 323964611
1549 1297282772
1550 635731475
1551 1534977898
1552 330627604
1553 1873109316
1554 1855913149
1555 260091196
1556 473499632
1557 191351583
1558 1855105816
1559 206101697
1560 162945461
1561 1161839578
1562 1945568290
1563 1798350775
1564 2139263336
1565 121689166
1566 419596626
1567 1395079093
1568 463300758
1569 231279737
1570 1482971693
1571 891176378
1572 1108392457
1573 562548126
1574 1501000721
1575 385406
1576 2069938859
1577 1674533888
1578 1839958180
1579 1580367446
1580 260428728
1581 1246827980
1582 403159070
1583 1619801848
1584 1244373229
1585 415291163
1586 1306438095
1587 236194624
1588 1401326183
1589 2102986890
1590 620942979
1591 765908560
1592 241206950
1593 1072848774
1594 1825280919
1595 190603582
1596 264256070
1597 35403856
1598 716205824
1599 1705572746
1600 33305306
1601 558026993
1602 232774898
1603 264558532
1604 1146991856
1605 652157322
1606 810078268
1607 1828055589
1608 1163457790
1609 1438579678
1610 1622971981
1611 421471704
1612 1563848409
1613 1780337074
1614 1081904037
1615 1256832442
1616 1702650694
1617 83060166
1618 1111793034
1619 573882533
1620 961473394
1621 1527281901
1622 35107433
1623 2074563447
1624 20440956
1625 1727630695
1626 1318466679
1627 2035998362
1628 2139341403
1629 289399994
1630 373489729
1631 1519130303
1632 918139886
1633 544132579
1634 243313709
1635 1544647394
1636 2127724559
1637 1174201780
1638 1417276152
1639 1071907431
1640 121540724
1641 791864694
1642 75196345
1643 1985479259
1644 532154960
1645 808146688
1646 642968230
1647 758906929
1648 741717485
1649 1922167503
1650 1672801825
1651 139519289
1652 39881608
1653 1045667501
1654 665995784
1655 302042232
1656 194041231
1657 731622481
1658 359955318
1659 140063179
1660 1685030696
1661 914982026
1662 1130034732
1663 434243994
1664 851580931
1665 989361542
1666 219435053
1667 143994547
1668 86786166
1669 47778549
1670 799561536
1671 313517037
1672 1991493026
1673 1633746791
1674 2068457929
1675 1936685083
1676 1907587246
1677 1372798528
1678 158452639
1679 137963646
1680 1027827386
1681 1023330396
1682 1357200069
1683 34166695
1684 1195820950
1685 166183253
1686 567657331
1687 1512991443
1688 463565569
1689 2098299952
1690 805914822
1691 1491512048
1692 339847273
1693 1048523554
1694 192758323
1695 1890412958
1696 1362808199
1697 28485613
1698 1938243382
1699 1197829841
1700 639425389
1701 365481860
1702 1507206541
1703 752833390
1704 477851611
1705 715729988
1706 1350038724
1707 340271600
1708 159782472
1709 2007947783
1710 1747567110
1711 1608199455
1712 260641156
1713 411445612
1714 1618821594
1715 783669179
1716 208911369
1717 875625418
1718 1261372166
1719 204475294
1720 2133194583
1721 876679704
1722 1426204680
1723 1827406439
1724 1658586637
1725 233810545
1726 1789772599
1727 2121040498
1728 1787764312
1729 111497454
1730 1994503173
1731 242876626
1732 1473085811
1733 1417556954
1734 2085899317
1735 1579997472
1736 1892063117
1737 500238054
1738 51765917
1739 119336543
1740 139095613
1741 416984134
1742 512811439
1743 610759783
1744 821549777
1745 1985278275
1746 1083306412
1747 1380159131
1748 3816412
1749 878463943
1750 977882382
1751 214680291
1752 1770390960
1753 309946092
1754 133634324
1755 482516842
1756 504950216
1757 416044128
1758 1801967873
1759 1845663472
1760 142472732
1761 659878434
1762 2063117268
1763 654512796
1764 632861242
1765 800700496
1766 1053225712
1767 580854926
1768 1658016420
1769 738056277
1770 912702251
1771 18842906
1772 198386746
1773 899975051
1774 987306384
1775 111980733
1776 886037752
1777 339334480
1778 1562189895
1779 1190170946
1780 1005622827
1781 370934636
1782 698493027
1783 1882559782
1784 1133105586
1785 2064958982
1786 1879340450
1787 520981467
1788 802360352
1789 138323186
1790 1579105423
1791 819735600
1792 1120757259
1793 1928921326
1794 740175444
1795 1513293687
1796 460347672
1797 2142802336
1798 236359088
1799 1282127505
1800 1874183223
1801 2010551018
1802 426555982
1803 1153826122
1804 229824821
1805 1439737050
1806 1331542788
1807 1911006876
1808 1037216392
1809 137821327
1810 882781282
1811 213361599
1812 1378225331
1813 263993707
1814 1920649105
1815 1517048213
1816 107994179
1817 772186060
1818 1681581649
1819 741976803
1820 966945170
1821 2141754706
1822 245381254
1823 78898323
1824 2097909407
1825 11522703
1826 30682698
1827 140198916
1828 93790092
1829 623631367
1830 930724053
1831 1432284933
1832 218924135
1833 1972732018
1834 421054926
1835 1406715005
1836 655606080
1837 171045654
1838 1674835099
1839 1143564991
1840 627779836
1841 802930609
1842 1207221395
1843 1964650531
1844 229084861
1845 1463270269
1846 674669588
1847 1148565955
1848 1668031816
1849 1712280945
1850 633156117
1851 224652907
1852 176450074
1853 77777548
1854 1833755806
1855 2108825499
1856 1302039133
1857 56805107
1858 2089592778
1859 773462694
1860 1637951908
1861 1044610635
1862 1194759834
1863 1929876634
1864 384327504
1865 1566851940
1866 109459729
1867 1553307373
1868 1376854419
1869 1276030072
1870 994021429
1871 802755612
1872 696750929
1873 111892611
1874 1949580325
1875 1193527295
1876 466750236
1877 734703876
1878 1709350501
1879 1812146863
1880 1980423605
1881 1826887149
1882 333749234
1883 402369829
1884 309851700
1885 761086407
1886 28979228
1887 1420118911
1888 1161756455
1889 627393784
1890 2011282771
1891 198710855
1892 1369828848
1893 786686824
1894 567756308
1895 211072400
1896 1443390471
1897 1917041859
1898 1518485707
1899 144353159
1900 1655529408
1901 910340378
1902 1578110194
1903 70878646
1904 713247236
1905 693359417
1906 1276627863
1907 1272793642
1908 1601623380
1909 1025272575
1910 1818456650
1911 1563626179
1912 1251761954
1913 1843381674
1914 482198967
1915 1332732451
1916 1216912967
1917 673905810
1918 1964605363
1919 1338678926
1920 1240084127
1921 718617008
1922 214110968
1923 778444672
1924 2031516135
1925 1182556978
1926 236807220
1927 391889457
1928 1568525978
1929 1464045956
1930 1804520622
1931 1293045131
1932 1042974735
1933 2077298476
1934 491317887
1935 1290396148
1936 293665237
1937 2001835818
1938 276121651
1939 774574041
1940 1883153723
1941 1587340297
1942 486591795
1943 489335442
1944 441961676
1945 2073152837
1946 926378066
1947 40717314
1948 950307186
1949 549328656
1950 153384026
1951 1449273960
1952 629782957
1953 3097363
1954 122316367
1955 1878910789
1956 2029275588
1957 1923885430
1958 1476929767
1959 160617688
1960 216273108
1961 1413162170
1962 568899973
1963 249606476
1964 742593947
1965 644418947
1966 90185754
1967 684302964
1968 1886546952
1969 1196430015
1970 2874149
1971 1365053201
1972 821547234
1973 670771924
1974 1580290087
1975 1753835074
1976 399864916
1977 1365213235
1978 1784897133
1979 482860557
1980 925473045
1981 666498550
1982 636644075
1983 822233259
1984 1190532928
1985 1974986367
1986 1905586985
1987 375196155
1988 692982197
1989 2007949375
1990 1819314966
1991 142184431
1992 1138358950
1993 1326166384
1994 1960806512
1995 619525826
1996 1069540705
1997 495157590
1998 446404619
1999 389676089
2000 1731238580
