0 2
1 559982925
2 579040214
3 988261864
4 1468829573
5 1910010784
6 503102556
7 549386996
8 699082744
9 1976158420
10 746382264
11 983592000
12 360263647
13 1757266107
14 73474945
15 1593927071
16 50990031
17 340019057
18 88232957
19 276666244
20 622244725
21 2027911891
22 1380895149
23 1888681008
24 1059398904
25 1953325314
26 510293157
27 1328229848
28 1118429266
29 513523981
30 300798522
31 2132175947
32 315789674
33 255650785
34 2052426673
35 1255981337
36 1774116550
37 1761013525
38 1798376679
39 1577305284
40 1309511310
41 464756086
42 1920845452
43 1291460977
44 559287994
45 561289474
46 540882466
47 149966784
48 92152748
49 500195012
50 557529159
51 468702852
52 526141331
53 1516626956
54 1882134808
55 321833467
56 354299312
57 1008206426
58 1064231312
59 444659101
60 328302424
61 537042317
62 869669802
63 1022636585
64 400559920
65 984574818
66 1869986661
67 6055771
68 426759160
69 111694552
70 1720990210
71 445930177
72 877310780
73 885107916
74 26007376
75 805824950
76 893160479
77 1218804404
78 705625986
79 1760242558
80 331431395
81 1851178219
82 2011060866
83 1212848864
84 822802947
85 1243645721
86 134880980
87 1735256943
88 942614017
89 703105015
90 1791129384
91 1089460067
92 2121823033
93 1131821233
94 255981260
95 1983189153
96 1870849557
97 1134964929
98 2059760093
99 461341430
100 666718134
101 1593100899
102 392059177
103 1904069910
104 1873578290
105 1809904744
106 1549785219
107 1689575450
108 1375825946
109 1727069755
110 750920476
111 1454191509
112 1664326326
113 2041235388
114 504749177
115 211734522
116 1890070644
117 705653075
118 1818783431
119 1081759832
120 344925367
121 739969940
122 2033850668
123 18912199
124 1628982755
125 2029552595
126 965891659
127 635961543
128 132058042
129 663698676
130 1366548234
131 1361555725
132 1125367770
133 797243661
134 1890801066
135 1368727598
136 1731901838
137 104549738
138 775330062
139 1191252324
140 1936041592
141 1326746370
142 1634143664
143 1486157705
144 807681808
145 1860003367
146 76195456
147 1190468788
148 1408279901
149 1187739920
150 525316654
151 1678324520
152 1763055839
153 86267513
154 1374866501
155 24521680
156 2020426297
157 435424874
158 765246652
159 645349032
160 2103069066
161 1641843388
162 596904373
163 1906637133
164 1443395579
165 1482407459
166 872588183
167 1795475261
168 279597580
169 1828874325
170 1722082970
171 509288205
172 110039679
173 984643716
174 269505567
175 1206393473
176 1211974370
177 453730303
178 1962936731
179 128723107
180 485207861
181 1076443855
182 427978141
183 1778001121
184 1354464714
185 1440584226
186 114852349
187 48302023
188 1848091004
189 1091856455
190 1808255660
191 1048359342
192 852941315
193 55009641
194 344635688
195 145229293
196 296350219
197 2024223187
198 1545111821
199 997914189
200 2031415148
201 102852150
202 205273933
203 992406714
204 246410178
205 930934625
206 716854976
207 1807582452
208 153692838
209 537978093
210 1545280819
211 1962900509
212 10950487
213 1935248357
214 1752004778
215 413306488
216 1402820743
217 131319344
218 1931382935
219 2027236757
220 962920694
221 256655528
222 89737850
223 2105418131
224 12178764
225 370983153
226 1621340217
227 1260224236
228 733740806
229 753916563
230 2023314056
231 1708423782
232 998627209
233 658914142
234 1861019226
235 1994995629
236 444168624
237 870361106
238 1538707868
239 1214073375
240 877888820
241 519898506
242 1596739135
243 1844442739
244 995894772
245 1082801831
246 1146169453
247 1070694275
248 1633175760
249 1461170488
250 301173696
251 1343132124
252 1839781109
253 1054168328
254 1267260235
255 1581851459
256 1934662217
257 795424953
258 1235740358
259 4122237
260 1000396239
261 1114933838
262 641356665
263 1730194660
264 543433730
265 470984787
266 1730426647
267 1437007971
268 923709895
269 1219017874
270 1843815606
271 775402517
272 2047361374
273 1458764542
274 57696936
275 1115383059
276 395452595
277 254475031
278 1703698439
279 976774117
280 1934536965
281 1128028882
282 1462219663
283 534414897
284 1996956977
285 286160987
286 276253776
287 1331790094
288 1315800102
289 430637679
290 354329159
291 669680886
292 431005728
293 1333105758
294 1549159454
295 1225943305
296 1900659451
297 2046448187
298 30564472
299 725912190
300 980849097
301 1942053301
302 68604908
303 1255897179
304 800292244
305 828580309
306 1331489254
307 320675599
308 172331106
309 1583117352
310 693650568
311 851592218
312 1199020568
313 1211389464
314 35361013
315 2099632170
316 1579442537
317 708676350
318 2085526688
319 1130302806
320 2035226033
321 1286989558
322 213176619
323 1796992320
324 1251325631
325 1957692813
326 1988164804
327 1330171361
328 977839887
329 109181410
330 803049999
331 1510562370
332 927548861
333 924442022
334 885874443
335 235462112
336 1263875010
337 538816319
338 1967878798
339 1460519139
340 919711526
341 1048593357
342 1775591809
343 782168222
344 1001356085
345 866187586
346 1479394504
347 2099779516
348 1532297677
349 1002121704
350 115718425
351 1399617237
352 198325614
353 860090483
354 443185613
355 1623834036
356 39113061
357 354037164
358 1290592977
359 769806904
360 2117878116
361 1069031744
362 1634488435
363 1121979681
364 1232085953
365 740779844
366 1506965397
367 469768533
368 936868874
369 414048896
370 1718839916
371 558620337
372 2145160965
373 61982416
374 684795361
375 1250144242
376 1930982390
377 445476772
378 2062145380
379 1464003011
380 1056358877
381 82255177
382 2137741582
383 1564516302
384 975314476
385 261151423
386 200144036
387 1242437681
388 559088803
389 113509208
390 1072516750
391 1741629221
392 841427336
393 1302788741
394 1916493493
395 690198734
396 234565129
397 1786850010
398 624719635
399 1396038782
400 1475392701
401 1237850582
402 900791353
403 752399744
404 2037938489
405 1398399157
406 1826171790
407 1607481652
408 770882840
409 315658000
410 1639266512
411 1200834021
412 1187054534
413 154588071
414 717496296
415 132844640
416 1770078103
417 927340282
418 354168320
419 480996304
420 258373681
421 259679570
422 1097376176
423 1299576142
424 221102091
425 359659176
426 42594617
427 238458673
428 1672994308
429 1929854978
430 2006842428
431 653620422
432 1199396108
433 1043186865
434 1365832756
435 1088917745
436 1429310909
437 1484211629
438 2084702598
439 599758831
440 227222027
441 2133704258
442 1106729296
443 580503552
444 784806463
445 1525567854
446 1047700846
447 1526986511
448 2140420255
449 1141767014
450 1053676438
451 1285950582
452 1990470558
453 1080648395
454 1021883609
455 1578973731
456 613409031
457 1431716209
458 941827510
459 325717406
460 490796347
461 1733438495
462 1311192442
463 1807901794
464 915833162
465 1041197470
466 1930077050
467 250603298
468 1961628627
469 309000057
470 2007357224
471 107686054
472 168232979
473 2033355329
474 1637863083
475 1330948610
476 1726493140
477 933207571
478 1114754155
479 106231905
480 676757364
481 1971839466
482 192838947
483 1415849814
484 592120990
485 629102267
486 1772213101
487 1044860717
488 996023941
489 487254517
490 1642851570
491 1359175102
492 1628827133
493 43430842
494 815255765
495 799581947
496 480058214
497 2133739574
498 431507273
499 1347358256
500 716733178
501 413394303
502 1794276877
503 208267485
504 357065032
505 1472362277
506 904063714
507 1918883898
508 2073452295
509 1135056683
510 1062349839
511 145000597
512 942094162
513 1054241806
514 1056057116
515 1475062784
516 374302712
517 1090370885
518 1057260903
519 406122279
520 51056564
521 426560669
522 1594183568
523 1967548767
524 1848083822
525 1101956965
526 934570581
527 353356496
528 823923946
529 909767550
530 1329163259
531 1442376622
532 1025383302
533 1306919931
534 1147527364
535 986229871
536 715047580
537 608735348
538 21414554
539 677172322
540 1808567072
541 1256925400
542 63872395
543 367792579
544 1383050500
545 101762625
546 1862082392
547 870073275
548 550573886
549 1095902570
550 890928692
551 1447777049
552 698277853
553 264764286
554 537557880
555 943892699
556 460150246
557 1988888406
558 295120729
559 1494728202
560 1506648369
561 229623976
562 541919327
563 1285944118
564 1102061205
565 1784608475
566 1047011852
567 1200174477
568 195857421
569 758584867
570 805725183
571 1793106185
572 1789793678
573 1127364002
574 680340450
575 1329794125
576 238526235
577 2052440313
578 1192978499
579 421199357
580 1037366084
581 50323864
582 191795849
583 335970812
584 1038352517
585 1056612337
586 1146562744
587 730301939
588 1937141900
589 124422721
590 847671690
591 893074887
592 1549674531
593 2089840943
594 971454547
595 2054045985
596 704496130
597 561286840
598 2017482091
599 1332494032
600 1993107929
601 1442893614
602 2126999455
603 1350871796
604 908003802
605 1235769821
606 1755559747
607 1765587575
608 1313180210
609 2114851192
610 193461792
611 171913324
612 1554541935
613 1778244646
614 1260200466
615 394121053
616 1054803571
617 1456167191
618 1661475336
619 1619093675
620 1000890331
621 1179960281
622 115000662
623 919205945
624 1512454209
625 1673659897
626 1940540502
627 1186966587
628 1042658764
629 125932811
630 744463646
631 1098876166
632 1985682837
633 710850618
634 1528929282
635 150389648
636 1873750966
637 834840437
638 2063184547
639 480194671
640 1179316419
641 1759882264
642 128302570
643 752305209
644 598188608
645 323748041
646 984284312
647 1202100765
648 727770682
649 54522742
650 735062760
651 1547714255
652 132372328
653 1906975185
654 454405743
655 1797929846
656 674138172
657 1770435965
658 1104660317
659 1846730706
660 1012373260
661 1425560149
662 1018973553
663 618865788
664 383867477
665 1082209487
666 1715173873
667 862912720
668 93911238
669 329877886
670 1552797700
671 2103322505
672 2014584981
673 270950427
674 1265660107
675 1066237756
676 1275883804
677 1333428781
678 626651815
679 219759712
680 508010808
681 2011458981
682 784927589
683 1454828683
684 216692772
685 806465821
686 254480951
687 1163995019
688 1853216472
689 874666350
690 1028583234
691 885907826
692 50486614
693 679900912
694 1794599416
695 932980289
696 2060386334
697 1116902074
698 1525471838
699 317633887
700 746319353
701 827724118
702 166158219
703 309822379
704 692531517
705 1850871005
706 129586966
707 1500726657
708 1839809971
709 1394332356
710 1362301970
711 439152594
712 243151143
713 335221798
714 1709781498
715 235333129
716 1078295259
717 1262244961
718 150433892
719 261842288
720 1994947428
721 921756281
722 2078013894
723 2083083846
724 436371473
725 272058950
726 421080529
727 1985137112
728 67165695
729 1108677345
730 565705436
731 771026602
732 698043014
733 1748126813
734 758409432
735 2124568215
736 1694590935
737 2077382934
738 1452778550
739 1029467332
740 700550839
741 1491610796
742 260963025
743 656594319
744 1133006355
745 1732175814
746 1673204388
747 1080263529
748 882882137
749 1625563312
750 987512193
751 254348430
752 212284650
753 1731906390
754 1795032531
755 657768329
756 1650568224
757 1615670106
758 1516241722
759 1894239742
760 1529786564
761 394932904
762 318232119
763 1205328314
764 1603388503
765 867225771
766 1582213175
767 441003467
768 688483479
769 1080100324
770 1210476071
771 920283066
772 1094830948
773 42200346
774 507355323
775 1334957920
776 951467772
777 671347221
778 1200979767
779 646523334
780 391014932
781 94104571
782 1424783125
783 624297360
784 1552170131
785 675917218
786 1951352781
787 1782362735
788 553678992
789 894060191
790 1963907790
791 1447659762
792 2045580373
793 1335811423
794 1539084974
795 138225950
796 1578057044
797 1566724538
798 1151300136
799 6891262
800 1496382202
801 1431330680
802 923839178
803 1363272958
804 1705291846
805 949724489
806 1759018962
807 488319133
808 226067622
809 1689776650
810 744418821
811 901820772
812 1999209596
813 151536137
814 717925486
815 1638260991
816 136109570
817 955235119
818 1322015288
819 718923838
820 1151146052
821 918513769
822 986395831
823 544984000
824 1227885055
825 610835854
826 1907374520
827 1562622175
828 2122971298
829 2111668989
830 1749384092
831 637697410
832 1308464703
833 1071391581
834 388475178
835 1761751509
836 1830769882
837 305772720
838 204328815
839 1108025622
840 1203296115
841 845460547
842 632016671
843 682988799
844 2024986309
845 355000211
846 1892290094
847 551577534
848 26345964
849 2009341042
850 371613626
851 89039004
852 48635242
853 1588121985
854 2086990249
855 1484719892
856 236222927
857 1321544410
858 855124607
859 438031981
860 2085088230
861 2085740207
862 1645000287
863 1058831397
864 2028697615
865 603260869
866 403284460
867 2099067818
868 785310483
869 613953778
870 1889896443
871 1612015380
872 913939844
873 1696858086
874 602432949
875 968554129
876 1185233059
877 681687122
878 1161605409
879 370469452
880 1750221208
881 571168482
882 57404811
883 1693229456
884 6058886
885 1464970885
886 224981504
887 476932999
888 1386195153
889 237168020
890 1088698055
891 555990660
892 1865601403
893 660934963
894 9206446
895 194051440
896 1326538977
897 1342718494
898 748634030
899 994288246
900 1436137202
901 567966318
902 1367128099
903 1265846128
904 1036068565
905 1866442009
906 1763752261
907 975939161
908 1971193505
909 2002444881
910 1315931862
911 121028691
912 255750357
913 772351524
914 131411089
915 778479231
916 1847009227
917 944888441
918 1408279235
919 1699888656
920 1466724402
921 713998143
922 1539692123
923 994005580
924 1771761302
925 1788152886
926 1245404146
927 2117199543
928 1841925743
929 1008553259
930 872933608
931 827862407
932 355004416
933 814399151
934 1073905036
935 647525344
936 972169985
937 628979438
938 1520450092
939 105540299
940 1720144593
941 903682376
942 1849555979
943 1159738045
944 1692573166
945 339255422
946 259428889
947 1012437052
948 1011093020
949 909485676
950 67724139
951 676923044
952 405733193
953 367850444
954 282312355
955 2023279570
956 605043726
957 1013956885
958 135094101
959 1014631745
960 766607260
961 178833884
962 1956105914
963 2122979544
964 961963811
965 1892971410
966 210375873
967 1219779633
968 1913734418
969 1719266531
970 153947409
971 1588041422
972 657363794
973 1770470386
974 1315622151
975 1316687251
976 1694307797
977 173390267
978 1607599731
979 1263399476
980 1494242495
981 1656090368
982 1958600599
983 250448743
984 2118167493
985 1061106282
986 1918636312
987 998396161
988 504424903
989 437557952
990 747768396
991 988256263
992 1092812023
993 493587661
994 1712701965
995 1853347493
996 70530676
997 1796256308
998 2010042532
999 1108182257
1000 1503724113
1001 1005465933
1002 90164744
1003 736239396
1004 719682653
1005 1575379699
1006 177943788
1007 2054720232
1008 146994043
1009 1012581476
1010 1318380291
1011 888428022
1012 2125323711
1013 713685412
1014 801095032
1015 907701048
1016 158124999
1017 1139891750
1018 114478254
1019 1564441882
1020 170741709
1021 1933196289
1022 83464946
1023 28667068
1024 877155006
1025 910500920
1026 1737542778
1027 1153521566
1028 496944021
1029 1927052638
1030 1789184199
1031 1956160971
1032 917874843
1033 1076660993
1034 1031746567
1035 839841511
1036 185201154
1037 427138140
1038 635159099
1039 1846872420
1040 108383305
1041 313814100
1042 1843259917
1043 378524596
1044 1626567662
1045 1767768623
1046 848552730
1047 1864268316
1048 366806968
1049 1651837613
1050 1494086484
1051 843047148
1052 330634387
1053 499982778
1054 778348663
1055 1975214156
1056 1457900429
1057 719787811
1058 1677689440
1059 570489943
1060 1127644159
1061 488927020
1062 1499689783
1063 528678322
1064 292865728
1065 899340971
1066 317459242
1067 1483878936
1068 1004056774
1069 119719539
1070 110638514
1071 533771615
1072 1987271169
1073 338935602
1074 594736366
1075 2059081400
1076 1766401223
1077 1625799876
1078 931505296
1079 1442290973
1080 891910483
1081 692303729
1082 1056959745
1083 1056260385
1084 1360253061
1085 386356882
1086 358923119
1087 180833199
1088 1016816784
1089 349415504
1090 335123438
1091 1633887622
1092 134854203
1093 703351003
1094 863268464
1095 1051177063
1096 602077807
1097 1472924693
1098 100751237
1099 1786585523
1100 1730002976
1101 343871688
1102 772950522
1103 1966641691
1104 1041621638
1105 771622006
1106 1636443561
1107 2037007603
1108 1707869818
1109 1869332965
1110 603823225
1111 665408364
1112 75508045
1113 1385065077
1114 490551235
1115 1570579768
1116 1277241616
1117 842467182
1118 576251694
1119 1774177082
1120 151833333
1121 1159694665
1122 1004284835
1123 754462019
1124 982831621
1125 1602878034
1126 1867949024
1127 1219999982
1128 1418556579
1129 239909010
1130 2118971534
1131 89664247
1132 955042093
1133 231933369
1134 148189383
1135 1026061442
1136 1458112173
1137 1461480887
1138 349786205
1139 1896090291
1140 359428201
1141 1763389507
1142 1081666301
1143 175229888
1144 248251424
1145 1498478343
1146 384036152
1147 1516971703
1148 2074901694
1149 1878066936
1150 1894296408
1151 1103038084
1152 339986065
1153 62247122
1154 1466219941
1155 667634442
1156 1688469161
1157 2055564180
1158 999954800
1159 479039187
1160 1699161596
1161 1719107051
1162 445982204
1163 1071274642
1164 493955236
1165 1329398253
1166 1147857526
1167 1316895440
1168 826220735
1169 698739536
1170 1853429490
1171 1837428026
1172 971807448
1173 1812603326
1174 146581864
1175 1319116747
1176 1177433291
1177 742606607
1178 484029646
1179 1727228932
1180 574949468
1181 87582912
1182 173475687
1183 1494487015
1184 1053434904
1185 1683420400
1186 487205701
1187 1881028574
1188 857989339
1189 1679276481
1190 2041709214
1191 1211806586
1192 2083040961
1193 206298071
1194 1381834576
1195 693757878
1196 97559251
1197 267600750
1198 95140645
1199 910465779
1200 47851711
1201 1134253485
1202 1352219126
1203 358368443
1204 1577202923
1205 198647662
1206 197424034
1207 480557618
1208 802504196
1209 1583511227
1210 1508168105
1211 1342078110
1212 1395652398
1213 249216549
1214 1742979489
1215 1429318940
1216 2113357077
1217 1151155954
1218 891303738
1219 512234986
1220 1183132966
1221 583608596
1222 838529095
1223 1949243973
1224 776554505
1225 294492505
1226 386526533
1227 541216603
1228 878865777
1229 8029381
1230 14307607
1231 2107753746
1232 288760326
1233 2002474610
1234 701956919
1235 788464730
1236 1387755922
1237 2128011363
1238 845211814
1239 1456869884
1240 1312258728
1241 254438850
1242 959400198
1243 153867917
1244 787206804
1245 271772684
1246 1536346220
1247 402457963
1248 926166774
1249 1707490202
1250 1337158355
1251 1974996596
1252 1964731076
1253 472707345
1254 874898805
1255 1243489525
1256 352315718
1257 799943744
1258 246863389
1259 386076386
1260 1201678012
1261 1423313453
1262 1970630679
1263 418113377
1264 299393094
1265 1630069026
1266 794001483
1267 2110375482
1268 1748485303
1269 965450441
1270 943897837
1271 2066280460
1272 519166084
1273 1760671065
1274 1713567166
1275 2046944998
1276 701400207
1277 1608188842
1278 1881706518
1279 935192945
1280 1929281270
1281 1765278512
1282 1241847478
1283 2069363607
1284 137824335
1285 1809005908
1286 1937260699
1287 1575240119
1288 1744976211
1289 303811153
1290 18641835
1291 350579679
1292 1462603951
1293 2085275997
1294 2062069736
1295 1771927673
1296 291648766
1297 2002384075
1298 1983710874
1299 158836376
1300 1323468899
1301 976599081
1302 1339634005
1303 1163756779
1304 1170751739
1305 1382730275
1306 1210398502
1307 1867627525
1308 876493689
1309 298338476
1310 913861257
1311 1931824985
1312 395103025
1313 1882774644
1314 1103500867
1315 1640622982
1316 1326124120
1317 466689670
1318 225883052
1319 217768647
1320 337201854
1321 379837220
1322 71454774
1323 1132397517
1324 774837939
1325 1133682936
1326 1291729118
1327 881168022
1328 956303754
1329 2066251587
1330 2116283751
1331 558038781
1332 1378206150
1333 1018978144
1334 2082155419
1335 1765428574
1336 617742590
1337 1326573486
1338 1737608248
1339 1460095760
1340 1274838903
1341 488105865
1342 1539816828
1343 844973725
1344 1681396917
1345 589502740
1346 1722170360
1347 469153447
1348 856126640
1349 324701107
1350 166192142
1351 296625971
1352 1416838417
1353 434380748
1354 1602879666
1355 439150865
1356 51858853
1357 265370771
1358 2118716568
1359 1707803410
1360 951466848
1361 1614741045
1362 1878221310
1363 611910138
1364 1886289191
1365 1746231148
1366 1622151753
1367 294562275
1368 332881174
1369 1932339184
1370 1216582758
1371 1745246859
1372 340571015
1373 1446988275
1374 2127871882
1375 1903624129
1376 488756149
1377 1086414754
1378 1236448583
1379 1683754618
1380 322395671
1381 2095219092
1382 1434574285
1383 1739276905
1384 99346004
1385 1163783107
1386 960618584
1387 1922889199
1388 482729358
1389 597063876
1390 627701650
1391 24988993
1392 122759253
1393 1666114962
1394 550457292
1395 824446874
1396 1539802328
1397 398534226
1398 1724983615
1399 694299260
1400 2066560483
1401 850769931
1402 1868632902
1403 1179019777
1404 1219192157
1405 388539501
1406 276304647
1407 1312549748
1408 1569349724
1409 1345992281
1410 2096092051
1411 253169181
1412 845592978
1413 1809755342
1414 324017397
1415 1841359336
1416 1399166074
1417 634447746
1418 1899109952
1419 1075480819
1420 367277951
1421 1251899655
1422 1321082931
1423 897696415
1424 1998110241
1425 529179381
1426 597107
1427 1581958959
1428 428239542
1429 1289538366
1430 906301020
1431 200402766
1432 606707548
1433 272971110
1434 141391223
1435 488216742
1436 1438809884
1437 1654387238
1438 1834333549
1439 1228550726
1440 2129722893
1441 2061762722
1442 465127880
1443 82158424
1444 1903592262
1445 1628988358
1446 193754442
1447 484621941
1448 926563500
1449 498172529
1450 219944444
1451 299633846
1452 1311308900
1453 696187099
1454 1075072345
1455 71463759
1456 938980489
1457 1655263402
1458 1136450959
1459 2046245730
1460 692731395
1461 2078364768
1462 434408367
1463 853926844
1464 1851562043
1465 1050184388
1466 1178217454
1467 1306003676
1468 110283703
1469 1694480685
1470 1525321561
1471 1798459594
1472 1656398257
1473 1057957262
1474 503312368
1475 693532035
1476 1689737734
1477 1227731368
1478 2054055243
1479 1376065251
1480 1214016494
1481 343885681
1482 255105059
1483 1996376321
1484 1015963957
1485 49686361
1486 1348747403
1487 1717138458
1488 504008621
1489 489600216
1490 998175422
1491 1730686813
1492 1602985469
1493 820533653
1494 1264335670
1495 1413381723
1496 512771347
1497 311012235
1498 336555663
1499 1279876502
1500 1949212919
1501 1118559003
1502 1687227609
1503 303401054
1504 887819317
1505 1329466161
1506 57802555
1507 641834102
1508 1779934506
1509 407464380
1510 1281314045
1511 1262225277
1512 1747522905
1513 1375299204
1514 233215472
1515 1140075787
1516 1622987313
1517 2005760034
1518 143085146
1519 537374530
1520 1185364321
1521 990931522
1522 639410487
1523 854082653
1524 2057588422
1525 1248614205
1526 1251261890
1527 1604253513
1528 765837237
1529 787376946
1530 1393222115
1531 1518107907
1532 522358082
1533 495044159
1534 1808736494
1535 951318968
1536 993399062
1537 2108202536
1538 2127922183
1539 655966939
1540 439462781
1541 76778634
1542 1788658604
1543 1739390015
1544 17526673
1545 523130109
1546 641856587
1547 646025305
1548 360006951
1549 786563619
1550 2059908674
1551 1399285718
1552 571629932
1553 1375312020
1554 1956567826
1555 374720681
1556 1168662284
1557 1301163437
1558 16867609
1559 2089062938
1560 665939742
1561 730889030
1562 1275668250
1563 1230191269
1564 2018932038
1565 1732890552
1566 716158652
1567 1995001000
1568 1878009100
1569 1038362614
1570 2017546942
1571 1910767846
1572 57058606
1573 1365183543
1574 327076370
1575 998390346
1576 944511765
1577 1922963547
1578 1528125034
1579 898828258
1580 1404416137
1581 448201500
1582 1539436286
1583 626219994
1584 1423945159
1585 1323319763
1586 1024122651
1587 1961275594
1588 826319065
1589 266899672
1590 470998631
1591 488146487
1592 915425398
1593 563568566
1594 2003933610
1595 939458232
1596 1595267078
1597 1711569723
1598 251240915
1599 1730629573
1600 1148583715
1601 762558773
1602 127700145
1603 1618806142
1604 28366994
1605 882534706
1606 2026763698
1607 926407684
1608 1828203456
1609 779532152
1610 706759786
1611 123041481
1612 883653458
1613 802204125
1614 1463102648
1615 571460796
1616 430561808
1617 885445198
1618 1178159385
1619 765975766
1620 1968631498
1621 1384890604
1622 1429456078
1623 2083628732
1624 1761180851
1625 1370902553
1626 2057421823
1627 295811147
1628 234691232
1629 872260844
1630 673918871
1631 605416621
1632 1049023321
1633 153454098
1634 1194449774
1635 1177837156
1636 1739899628
1637 207526575
1638 1943294328
1639 191291892
1640 129291143
1641 1221432093
1642 1012196758
1643 469964706
1644 1894383749
1645 1612485434
1646 253574858
1647 156623126
1648 1585531415
1649 54826355
1650 1969619459
1651 1443893218
1652 472738061
1653 1406837384
1654 527605752
1655 151532641
1656 338219733
1657 1254143123
1658 231790648
1659 1945192988
1660 725602623
1661 1434251098
1662 1204943031
1663 1360297565
1664 1074632185
1665 1735151428
1666 830617122
1667 1330763850
1668 2093744473
1669 359077901
1670 1411968201
1671 1554967900
1672 1680941223
1673 2145124588
1674 740459594
1675 1698319410
1676 2133480250
1677 2028144997
1678 807058973
1679 251667766
1680 1772934812
1681 1896697751
1682 1457730459
1683 603522255
1684 1080840954
1685 925227879
1686 316201620
1687 789135586
1688 742498721
1689 2047952381
1690 796219367
1691 387043470
1692 990660307
1693 1780023724
1694 1229572378
1695 549772411
1696 2129578248
1697 1043061069
1698 527444498
1699 675783590
1700 464309982
1701 331891477
1702 433353550
1703 632165091
1704 834341458
1705 1836826683
1706 821704083
1707 2034557786
1708 2091957677
1709 795755613
1710 1546870601
1711 1980547581
1712 1173255676
1713 54473832
1714 2085731783
1715 1805134529
1716 311672752
1717 540591158
1718 542769602
1719 1420474250
1720 1181258353
1721 382042959
1722 1261292021
1723 290636625
1724 1512082082
1725 282455988
1726 1868313750
1727 1461852487
1728 84079648
1729 1993057675
1730 1102502684
1731 82499724
1732 473899157
1733 1690647696
1734 1301259972
1735 464861584
1736 1604523659
1737 223012636
1738 153659533
1739 1045767469
1740 1095142451
1741 1914975195
1742 709922252
1743 1077803516
1744 1210351856
1745 538339317
1746 2056557335
1747 1975770094
1748 230151953
1749 611004082
1750 1863721327
1751 1789116836
1752 1242913740
1753 490452259
1754 886756278
1755 1874032385
1756 140915770
1757 657361723
1758 885427081
1759 1578617595
1760 5174701
1761 1182643029
1762 2105008913
1763 109858577
1764 1046597951
1765 1663474388
1766 1714160317
1767 472806386
1768 1657293334
1769 1720876657
1770 1683517638
1771 956105756
1772 2046630330
1773 961489254
1774 2087308200
1775 1942675335
1776 563213403
1777 1130282125
1778 1957036887
1779 394126021
1780 1559809092
1781 1583595899
1782 1618979189
1783 529242371
1784 87464124
1785 1625314633
1786 1663978351
1787 715006213
1788 456658365
1789 825984024
1790 1427101949
1791 1503424668
1792 441897255
1793 1061280740
1794 941343469
1795 149008642
1796 736743643
1797 60423647
1798 515604265
1799 78130901
1800 652591110
1801 599484472
1802 248134878
1803 1989973081
1804 1257611378
1805 176999660
1806 483253284
1807 1614555619
1808 1777125663
1809 1001510613
1810 603714569
1811 1311684455
1812 2049739725
1813 1503068719
1814 1513836369
1815 333118960
1816 2010369517
1817 1443473345
1818 1161204604
1819 1001913593
1820 621270441
1821 1855379027
1822 2029304640
1823 2085174330
1824 254953116
1825 811744750
1826 965242046
1827 2052081290
1828 1244551267
1829 2003629011
1830 439250821
1831 1429945517
1832 1757079216
1833 187635167
1834 1176184936
1835 1351185820
1836 108363014
1837 483079887
1838 606192656
1839 874801205
1840 408129820
1841 1050893377
1842 728970389
1843 819030486
1844 1783083243
1845 848752312
1846 54983898
1847 1332107206
1848 1620200446
1849 1061246596
1850 1582280652
1851 2101998911
1852 1373424817
1853 325326959
1854 2071049803
1855 524778419
1856 471262668
1857 1257551854
1858 999313862
1859 1803099716
1860 1198474931
1861 310893199
1862 1627128284
1863 1685626752
1864 806474133
1865 619283538
1866 1978286455
1867 1144774503
1868 1412472213
1869 1894586484
1870 455126389
1871 1404754860
1872 336517396
1873 1018688241
1874 1328828029
1875 993814749
1876 804113342
1877 236800017
1878 816856727
1879 394264029
1880 672718076
1881 1268434024
1882 1230982577
1883 71380137
1884 1794540522
1885 269606714
1886 491725012
1887 2106515612
1888 745337326
1889 42695622
1890 1684104736
1891 533563776
1892 980780200
1893 2025715722
1894 288630136
1895 2108449369
1896 1769305509
1897 1454645123
1898 1717452305
1899 414449450
1900 1554515962
1901 986553797
1902 1906298542
1903 847662628
1904 2097625562
1905 1540189437
1906 494147410
1907 745110160
1908 2087398344
1909 22759926
1910 99820691
1911 1062680673
1912 981955007
1913 262347208
1914 1341293108
1915 2086141353
1916 2075250152
1917 1773840062
1918 1209639907
1919 636303551
1920 220594839
1921 1088552044
1922 1150794634
1923 1396650775
1924 740936642
1925 352323464
1926 246993311
1927 833673053
1928 1944867256
1929 1783477739
1930 1099767195
1931 558083163
1932 1979184798
1933 1699193537
1934 90457616
1935 1566213197
1936 1735634427
1937 190962449
1938 322230344
1939 1393891670
1940 1396700295
1941 1188129331
1942 1936483027
1943 649783715
1944 1358894493
1945 1613899879
1946 43546681
1947 1884105415
1948 1499238531
1949 1414229092
1950 1158008221
1951 2059146248
1952 572239452
1953 754015602
1954 1812867658
1955 273817478
1956 1644028254
1957 2137607832
1958 595535416
1959 2138861999
1960 968841923
1961 254070373
1962 660526410
1963 55112168
1964 2023304927
1965 874551355
1966 1126675932
1967 1765837450
1968 201432542
1969 362589949
1970 1356941543
1971 2108403655
1972 1322739304
1973 1929901444
1974 749016550
1975 615432738
1976 2146544506
1977 700107155
1978 1742828883
1979 1973526979
1980 1098213978
1981 864657820
1982 1294882100
1983 330110997
1984 1412146604
1985 1296338141
1986 579518004
1987 1522540162
1988 1148363245
1989 1529157562
1990 1223518492
1991 1211880224
1992 1742522757
1993 8513665
1994 788819698
1995 2067497974
1996 206245856
1997 692820560
1998 1529764821
1999 991460704
2000 2001061953
