0 3
1 414866744
2 1844528244
3 1623360010
4 1687671279
5 1545735635
6 1690641476
7 1681070333
8 1441176890
9 387639620
10 1684684479
11 1047442724
12 1682362236
13 1432440595
14 160606777
15 1729274034
16 1184220861
17 237497301
18 1352920019
19 336797445
20 1547223729
21 2053536230
22 1295621357
23 1587959622
24 1764202033
25 1914794903
26 327990877
27 151430850
28 1229121617
29 3188692
30 859125854
31 815830258
32 1772416152
33 490642442
34 1500127701
35 631167620
36 1792178661
37 149681923
38 1751765595
39 1657603760
40 1921120664
41 1184308416
42 1903723919
43 1970607934
44 1013228481
45 1961948931
46 1331876834
47 314285098
48 1271491366
49 156966055
50 1663818592
51 486733216
52 1791711951
53 521655733
54 1148330023
55 170428642
56 209802416
57 987407559
58 861840453
59 1390066279
60 1314842824
61 2013552330
62 1204840795
63 1052880163
64 1147999699
65 529734043
66 1201871056
67 102457450
68 60569387
69 1589984940
70 1289467425
71 837319599
72 79513914
73 1814295967
74 649718092
75 1205692586
76 392656093
77 1226137090
78 408789382
79 1301884555
80 2047014282
81 165399810
82 179403660
83 18370666
84 1659835660
85 1009769650
86 1608071697
87 401851645
88 780773271
89 888807178
90 2064397264
91 395679686
92 1545450311
93 356857586
94 924555521
95 2118220214
96 310160388
97 467157396
98 695256157
99 1302677787
100 467145349
101 855615919
102 1962576882
103 1491750605
104 681666921
105 1582003902
106 1245587652
107 606541544
108 1441157995
109 1959703289
110 708297606
111 2009322361
112 2018233002
113 2028874712
114 1236354388
115 1049531771
116 1075731733
117 780583350
118 767423328
119 1921492404
120 165600661
121 1986011230
122 2069018495
123 841772288
124 777894164
125 630533465
126 1072284945
127 1612019060
128 810875103
129 508789436
130 64708281
131 134663936
132 1088381637
133 85608897
134 480712573
135 301154131
136 423244625
137 705596948
138 29519363
139 623587248
140 82967947
141 730234105
142 1795911855
143 634397915
144 398627508
145 275334251
146 1739906891
147 1370143686
148 246272594
149 1276606693
150 837106109
151 42437157
152 1759402614
153 695233789
154 178698060
155 881330630
156 64314673
157 114069489
158 291038313
159 520839474
160 1279708006
161 1626240961
162 683293306
163 1853818229
164 476397168
165 1436237474
166 184954361
167 1613822964
168 927230516
169 1397961854
170 2105437029
171 1060428199
172 1736067710
173 1918454365
174 375208115
175 1765136411
176 1085952877
177 517050920
178 2019638109
179 725003290
180 20564909
181 257438331
182 1312309052
183 1620097350
184 2117506781
185 866217363
186 871364013
187 929868016
188 627851299
189 986606161
190 604507147
191 303825959
192 43438945
193 562042663
194 1994715987
195 1757313402
196 555448907
197 656600570
198 1378714369
199 497978018
200 1252227476
201 1597059510
202 1311296512
203 541306103
204 62857391
205 869627860
206 2083992254
207 715029573
208 1746580017
209 1772920001
210 2052351644
211 268242843
212 514157575
213 1205226073
214 741398504
215 251266284
216 1015461126
217 459652407
218 1833150199
219 1867991578
220 2006952304
221 874511918
222 1084906257
223 1351112700
224 645703548
225 724318062
226 2013133756
227 1858672302
228 302084557
229 1234365834
230 2138605524
231 1161763600
232 1398582087
233 550049200
234 1919250285
235 41972668
236 166699779
237 989682978
238 2089056656
239 1694757061
240 1106809512
241 417880477
242 1678424576
243 513403538
244 1612311999
245 850265866
246 1794121566
247 952760087
248 940303772
249 1655690471
250 563770833
251 717137117
252 625053014
253 1369234167
254 555293334
255 1160915571
256 154943140
257 889783951
258 857753635
259 632399133
260 327303957
261 1907467337
262 115831862
263 1838264393
264 27180779
265 1203475787
266 943499082
267 1493722806
268 1694675456
269 1383905842
270 534962100
271 616379822
272 69759202
273 972101717
274 2056252546
275 20887693
276 2051454005
277 1861738212
278 1797378438
279 1761824176
280 1418683015
281 1223861276
282 217616909
283 1360209848
284 1689573184
285 1322265348
286 130143451
287 1701069282
288 233147206
289 1025682338
290 979687555
291 62325828
292 122431381
293 1741526174
294 1240480913
295 1588140978
296 215189073
297 1590979014
298 1151021553
299 1052497548
300 891371442
301 1024018684
302 1393843678
303 1649155287
304 656244663
305 789880162
306 1867234186
307 1657292199
308 1390246389
309 997201030
310 1135732512
311 1906748635
312 1779832955
313 384972771
314 1630347089
315 1638932427
316 1247115720
317 1042724948
318 1302076891
319 372630802
320 1454572047
321 1873389283
322 378878992
323 1794175499
324 503958972
325 969787284
326 892004749
327 151692331
328 193847201
329 1881685788
330 597567913
331 836804308
332 1338157985
333 98378898
334 1443476020
335 1666254944
336 1807726343
337 1839834983
338 654703732
339 1276494826
340 1031840595
341 9069219
342 1335181779
343 1271124381
344 906736172
345 1701093001
346 1885826177
347 301699245
348 1344249363
349 1034853127
350 573856175
351 836754441
352 584790207
353 1088866021
354 1301378390
355 1886564487
356 837391332
357 2071639125
358 882779560
359 536808346
360 1871708100
361 382201485
362 236141450
363 925843150
364 1751222278
365 219491173
366 2035473923
367 8466419
368 1398539274
369 2078710414
370 51881900
371 1041861462
372 621623058
373 490289879
374 1793208762
375 1530352851
376 497725520
377 669847707
378 1454825354
379 1871750059
380 1054188531
381 1046432282
382 1335239520
383 1381013582
384 1802068795
385 1318916810
386 371898161
387 723832642
388 1318547871
389 1518846787
390 16261434
391 882913143
392 1953870259
393 1291692595
394 1470270353
395 213249372
396 1902897540
397 104314873
398 845006533
399 1230546765
400 1369209199
401 78697972
402 848740410
403 2124264856
404 269116436
405 423612976
406 501725897
407 2106960668
408 1981977355
409 1577362448
410 2040247444
411 1331504016
412 1917000498
413 1043287965
414 1740316394
415 1415212551
416 146829027
417 414663562
418 1999679983
419 792277036
420 917246215
421 1975155110
422 1415698305
423 559957196
424 357090145
425 493766077
426 430439165
427 1603287949
428 1028195830
429 93941285
430 1924535025
431 1855875826
432 813614039
433 486415952
434 1578010111
435 2119326100
436 1254231028
437 386377169
438 1770115131
439 2122463620
440 74314503
441 264499836
442 1200016842
443 1323369371
444 1212650697
445 2086390796
446 447867256
447 2101068366
448 26267064
449 49285446
450 447824830
451 1096580435
452 482418767
453 251696211
454 149462053
455 372300748
456 1502631489
457 2146323079
458 174190031
459 1931431462
460 1561765117
461 602782405
462 166878437
463 422852985
464 792306939
465 68047562
466 1449761345
467 1982177399
468 1331941137
469 2115403616
470 1180053520
471 946909714
472 368598850
473 1794791730
474 71342132
475 479545171
476 1901699480
477 1938720636
478 374580626
479 1616931621
480 2052265473
481 303568759
482 979935209
483 1862946953
484 938997581
485 1075378391
486 1596469081
487 256036217
488 1083674128
489 681036688
490 1939490574
491 325006851
492 203408259
493 1099263049
494 1539337824
495 870676237
496 829089652
497 1027927698
498 872773364
499 916248151
500 1256279134
501 1618778330
502 1165158790
503 1070657697
504 358649448
505 254561180
506 1870937241
507 2121698890
508 1001612522
509 1942992988
510 353158073
511 447797742
512 301342528
513 57240108
514 1768156711
515 1481520813
516 1849458141
517 815869660
518 198185449
519 61451986
520 1527280560
521 417716205
522 549225793
523 1113371685
524 1503735594
525 647732861
526 1437817165
527 2016974722
528 892540080
529 774156694
530 1544806526
531 102769109
532 349242892
533 46913730
534 858148199
535 671385283
536 1407356695
537 1819558782
538 1865903773
539 1859364014
540 67153015
541 135843506
542 980869246
543 526335120
544 932328587
545 847550128
546 1857432346
547 743414687
548 314978764
549 578972990
550 1376546190
551 1016162814
552 1360555338
553 809445160
554 1666390290
555 439999757
556 610544754
557 389999922
558 732864365
559 518204006
560 1322515172
561 1498574811
562 1113158603
563 1809074834
564 532081035
565 1569993319
566 1404997563
567 758541354
568 1711175409
569 1780155161
570 1884828164
571 1881020741
572 2028765077
573 632710749
574 358831194
575 1056544941
576 48322954
577 993395139
578 989518048
579 2138225050
580 1065005388
581 302866257
582 740347712
583 1412299704
584 426324751
585 2022145013
586 1064464533
587 734377650
588 1059426238
589 883408443
590 1628212245
591 923065553
592 1310635462
593 380700987
594 467348048
595 1375297803
596 1435368787
597 1674674020
598 268627293
599 921103676
600 979660304
601 1108987333
602 1229696648
603 466258805
604 678351900
605 141893427
606 927292613
607 464727124
608 1144454823
609 2136549369
610 1273424874
611 2007541693
612 1599161016
613 361984896
614 408021076
615 1509561109
616 682741000
617 238703381
618 1930919664
619 121435765
620 869196598
621 2075622352
622 1065634556
623 1024303595
624 768341371
625 1588090792
626 416984085
627 161026556
628 1263994554
629 2047562038
630 1906450467
631 1449752391
632 1127545011
633 1887713367
634 1640650095
635 70689637
636 1514515151
637 903860749
638 69000380
639 797982529
640 13702724
641 2120992378
642 1191030150
643 1360628113
644 1704306560
645 136862689
646 439956334
647 1252931138
648 1373899484
649 29501126
650 126308457
651 904456686
652 1895651376
653 1350579916
654 705425430
655 540403748
656 1283496896
657 230276551
658 598357590
659 674861558
660 2123308741
661 322779801
662 1107599090
663 52220527
664 17980317
665 1902085793
666 1575264892
667 1550841572
668 308596614
669 1727706891
670 1101925948
671 1532607076
672 1323643062
673 1061447011
674 151177298
675 593359542
676 2095052671
677 1722735931
678 1069084743
679 1091745390
680 157358940
681 2125227601
682 113312694
683 1862506561
684 29478852
685 2116743272
686 1526144388
687 64202884
688 892311799
689 1029355064
690 2143784226
691 168210540
692 837468628
693 958551490
694 586859159
695 581417200
696 1978613042
697 835908179
698 1528029457
699 1412041296
700 231500586
701 856231482
702 1383669188
703 1169290140
704 878680002
705 878719084
706 713185933
707 353162508
708 845739846
709 829169691
710 827515453
711 909980218
712 2105555110
713 1588845020
714 2101945965
715 1591243833
716 1060272525
717 1247178759
718 2089345514
719 1249319663
720 1249057280
721 1926398842
722 2080394548
723 1760944294
724 849309967
725 1383900194
726 1518440509
727 1920981481
728 232906520
729 1165799050
730 416114697
731 499997636
732 392089113
733 649276110
734 1722109510
735 1652079716
736 32292406
737 1314597937
738 1810447011
739 1026999673
740 529838886
741 1254322295
742 415897537
743 197595789
744 502071601
745 1566503463
746 2075196727
747 610419306
748 1158972392
749 631186043
750 83260585
751 1880484955
752 1191880581
753 1406477516
754 1389708338
755 2053427049
756 484230033
757 656686350
758 652539726
759 1997537237
760 1541554018
761 749583516
762 529609449
763 1974635712
764 1080198909
765 719428172
766 1139218463
767 1166448776
768 329333586
769 79241425
770 921908802
771 1170717273
772 2014066161
773 1459035734
774 1167384150
775 1721913080
776 866286359
777 666863626
778 1359650617
779 1813731580
780 1537667586
781 319231567
782 1830020237
783 1856203451
784 1229657786
785 965476785
786 285734294
787 789829321
788 1842809289
789 1618326152
790 141802847
791 2035216816
792 902327868
793 645346833
794 438707512
795 253937581
796 1855441821
797 1090128087
798 1363380091
799 309875975
800 157469167
801 1526552522
802 1199110881
803 1599298041
804 1775813459
805 1097750030
806 921367930
807 2080033423
808 543112780
809 1667709781
810 1657684280
811 1310556923
812 1175221597
813 1523710023
814 431328078
815 262151274
816 1996758851
817 73639918
818 1475335019
819 513450846
820 168006172
821 1353375511
822 1044867985
823 1424400629
824 967508921
825 1455556919
826 2065843868
827 420072565
828 1901382756
829 323207403
830 800610690
831 1875760044
832 484519392
833 271904392
834 63591205
835 662269645
836 1473551899
837 1683135178
838 1090411785
839 503009320
840 998357421
841 754588839
842 1902498100
843 934300075
844 652558448
845 843955605
846 1646990661
847 1166976349
848 963807335
849 1082403132
850 565402494
851 816475031
852 1219016437
853 818993654
854 33806622
855 1575896664
856 953398070
857 1816882117
858 1671820640
859 2088334167
860 4156544
861 743325678
862 649176997
863 170969376
864 1983317690
865 1869930099
866 1691082737
867 770498597
868 964698287
869 274547814
870 767008771
871 1133105306
872 1246238633
873 1974187634
874 2138103951
875 1213909590
876 1980194954
877 548258353
878 1229035830
879 251362603
880 2004437316
881 1913759157
882 1441589609
883 523600597
884 330119612
885 1335898219
886 1937723145
887 1383610408
888 1415560436
889 642382253
890 1408320960
891 769164136
892 80691417
893 892712320
894 736816374
895 612453855
896 634740980
897 1628459648
898 110729700
899 1907416154
900 1234781971
901 1836257163
902 1443118541
903 1232512580
904 545732127
905 337823597
906 443304834
907 1765127589
908 1381299626
909 305636550
910 106150695
911 596917653
912 1837280838
913 122434648
914 75387441
915 881446527
916 248734007
917 2001477659
918 2044068819
919 1437373668
920 1966648910
921 1922686639
922 726597608
923 1144984776
924 1922263628
925 406598348
926 2123842720
927 924435882
928 1225115565
929 978433888
930 949019069
931 521022571
932 642646797
933 637806870
934 583965222
935 1527518536
936 235870330
937 1650421660
938 1984169549
939 405041770
940 1221445022
941 859593681
942 700146511
943 1539910113
944 86666157
945 1385785859
946 3750319
947 135341987
948 982213211
949 928062546
950 1247887047
951 764330668
952 1779069908
953 1464275311
954 225419634
955 242189103
956 574152882
957 1094859301
958 1154091084
959 2101540797
960 377129251
961 1086137849
962 300354999
963 1977534075
964 950183375
965 1264769888
966 292363661
967 1724138977
968 624022893
969 426415017
970 45307625
971 1777378912
972 360934283
973 917860139
974 1979962911
975 166921921
976 2058808119
977 414642388
978 849320862
979 965759528
980 537810969
981 1593471783
982 1742344596
983 1049205388
984 1735788728
985 2066362010
986 587605112
987 1876773835
988 1085895527
989 1766988248
990 107039330
991 875492482
992 1170210640
993 1824121145
994 1438225381
995 1428653621
996 412881745
997 525899128
998 575248437
999 1364848000
1000 1303422493
1001 1244372544
1002 1542635666
1003 185681298
1004 1204998952
1005 407474830
1006 984055930
1007 766354331
1008 907467309
1009 1504917614
1010 519183215
1011 122360330
1012 299639016
1013 956782394
1014 276128788
1015 406027768
1016 1590569784
1017 1982625892
1018 639133121
1019 155180912
1020 468356615
1021 209828571
1022 1979347762
1023 1017689456
1024 1735370425
1025 1629556673
1026 1176650553
1027 1088700375
1028 1017524071
1029 1118867173
1030 1332093413
1031 1510430015
1032 1544067900
1033 522980876
1034 1140526621
1035 281228371
1036 310816580
1037 1576886840
1038 174838552
1039 866299857
1040 2042480318
1041 2073230653
1042 154509830
1043 519003860
1044 25627650
1045 703327739
1046 224854113
1047 711055168
1048 609509545
1049 1828914594
1050 554089580
1051 1847439575
1052 697786804
1053 354282382
1054 526903967
1055 649466037
1056 1007592930
1057 567355296
1058 497998700
1059 1580235263
1060 1297480056
1061 981681141
1062 1500972215
1063 614197604
1064 1609033602
1065 10878557
1066 1682076246
1067 991876442
1068 152580642
1069 86976589
1070 778222788
1071 1060214341
1072 421253921
1073 1580274232
1074 625004751
1075 997469838
1076 259663251
1077 496847870
1078 1574485353
1079 1915512907
1080 1516797040
1081 1265200664
1082 1713530938
1083 764405250
1084 1174941695
1085 384785364
1086 1713870027
1087 737067726
1088 1038273618
1089 1726035994
1090 614730729
1091 559698659
1092 156154203
1093 737313667
1094 2000120193
1095 1412560027
1096 20991086
1097 890641451
1098 2056315820
1099 190175089
1100 89867582
1101 760620363
1102 284161987
1103 2087487431
1104 506032078
1105 948044094
1106 773248352
1107 1543979244
1108 1757218917
1109 1076518110
1110 1454143315
1111 2070223444
1112 28979088
1113 1507659552
1114 796344778
1115 1061276100
1116 370202067
1117 994488557
1118 1928661592
1119 1244491091
1120 1841913459
1121 451698233
1122 1880323129
1123 1162002822
1124 914400454
1125 728075415
1126 2146032583
1127 2036780089
1128 1623463002
1129 1479602832
1130 1341625083
1131 2103661913
1132 541549235
1133 1423193715
1134 1658393406
1135 642504453
1136 90569127
1137 1360098492
1138 971027115
1139 167260090
1140 686383161
1141 1999714122
1142 1991388308
1143 1347464005
1144 207778975
1145 1467718971
1146 1839900644
1147 1758761765
1148 790104889
1149 1687001792
1150 723143977
1151 154298381
1152 507850144
1153 345739729
1154 957415341
1155 345256304
1156 1619817534
1157 810805078
1158 203589326
1159 134984946
1160 2057766064
1161 795180381
1162 893467880
1163 1986469929
1164 1708375543
1165 262308552
1166 351898323
1167 1832036061
1168 1928858283
1169 536984635
1170 856721500
1171 1272162040
1172 290228425
1173 390548037
1174 147358704
1175 1229587023
1176 703519977
1177 2096639420
1178 654559098
1179 114801433
1180 1678303981
1181 1548256157
1182 1106386498
1183 1552657915
1184 221216251
1185 2120540369
1186 1522725159
1187 607615546
1188 212741261
1189 1959123216
1190 1608930933
1191 1246295730
1192 1407526227
1193 1593943545
1194 1313220654
1195 2121499011
1196 410284756
1197 212912171
1198 1816743806
1199 1145240431
1200 1215300349
1201 93887699
1202 79027138
1203 1383688881
1204 880364220
1205 2120432026
1206 1395658805
1207 645523804
1208 927272888
1209 977172638
1210 720509163
1211 1973473995
1212 1776421508
1213 802083742
1214 971455765
1215 786432312
1216 1397448258
1217 81676354
1218 1936551369
1219 1642720422
1220 136321309
1221 206471014
1222 444473526
1223 909272100
1224 1845160489
1225 1978214931
1226 486251100
1227 1298902811
1228 1995707171
1229 1903366375
1230 1296291115
1231 263896092
1232 234119986
1233 1866096198
1234 103445359
1235 344649893
1236 643215706
1237 315283577
1238 1057154141
1239 284440245
1240 857808107
1241 1341382543
1242 1889368878
1243 1832813512
1244 1662461649
1245 1227590260
1246 218306817
1247 1204064474
1248 1554921681
1249 976196559
1250 244863034
1251 403307
1252 1264822557
1253 1692338279
1254 861913114
1255 1276310333
1256 1564354919
1257 2036723324
1258 1923811244
1259 2075380868
1260 964115786
1261 1593678631
1262 1572764988
1263 1215483287
1264 739668066
1265 232744907
1266 2024940847
1267 1791602115
1268 1204712222
1269 316031931
1270 1491747748
1271 1513992627
1272 880216227
1273 1260138542
1274 792364313
1275 2531752
1276 195057421
1277 1665916464
1278 2146507488
1279 1271274452
1280 1779786657
1281 684257606
1282 960243942
1283 546525532
1284 1712217789
1285 1543500095
1286 1042252930
1287 2112707536
1288 658861119
1289 495326470
1290 985647283
1291 1964273739
1292 1619549687
1293 115832751
1294 1127410381
1295 1441967992
1296 1169303277
1297 164550517
1298 79128008
1299 274071881
1300 1171723760
1301 861946277
1302 712680622
1303 331965099
1304 606626048
1305 1999249423
1306 927177980
1307 211280581
1308 616062010
1309 2036100101
1310 1896917507
1311 2016791181
1312 1911842489
1313 1806391234
1314 1151886897
1315 170648106
1316 102483137
1317 179049909
1318 327029942
1319 700073246
1320 2104137261
1321 1983825888
1322 976876428
1323 184438999
1324 2091926556
1325 744722591
1326 1011053497
1327 680775977
1328 122396320
1329 1280407979
1330 1879362835
1331 968422544
1332 64565769
1333 1456681952
1334 653997150
1335 1804893553
1336 2078369537
1337 712180741
1338 325879271
1339 1061906875
1340 1014312741
1341 1854936031
1342 534895446
1343 1146619309
1344 830533594
1345 840271548
1346 516130632
1347 1651238369
1348 1105137250
1349 717790822
1350 1752940341
1351 357863281
1352 1641364583
1353 1467574430
1354 960138766
1355 1663224956
1356 1813503637
1357 866613307
1358 596741407
1359 68095230
1360 125970982
1361 496267254
1362 293810132
1363 1178072316
1364 818294575
1365 822919839
1366 1139090719
1367 91920393
1368 1880231752
1369 677759775
1370 1007479431
1371 1754435018
1372 1306494160
1373 600734388
1374 83511471
1375 733554186
1376 934477678
1377 1307386888
1378 1279709113
1379 1251406011
1380 1423181565
1381 303043829
1382 1818337519
1383 77862229
1384 1087493127
1385 1843654311
1386 599594245
1387 1839748171
1388 48271365
1389 1482873013
1390 1240808793
1391 218228824
1392 1089803140
1393 334919869
1394 1176273678
1395 2142962446
1396 1735991060
1397 1353513809
1398 1442240254
1399 1169632919
1400 1398994679
1401 1000800201
1402 236934042
1403 50889300
1404 1551033597
1405 1937210498
1406 1578155829
1407 1698847022
1408 2086024092
1409 2041059960
1410 2013534056
1411 907467791
1412 1546242776
1413 366476836
1414 141948672
1415 702914463
1416 1815403391
1417 1396371021
1418 139894982
1419 90355989
1420 446542662
1421 774852247
1422 1466719481
1423 1717291354
1424 1437217501
1425 325836973
1426 428112604
1427 1392523050
1428 1446299686
1429 319146501
1430 795443391
1431 1224738606
1432 707254694
1433 951830287
1434 1823565203
1435 1112124947
1436 512898500
1437 106555121
1438 367285127
1439 1213898623
1440 1726971106
1441 466789019
1442 58808386
1443 1451464838
1444 1580509060
1445 1877761050
1446 985906291
1447 1782140435
1448 996473018
1449 1942021664
1450 1395110376
1451 2090244574
1452 460430848
1453 2134702378
1454 957730694
1455 621893317
1456 748736287
1457 1463285605
1458 655669290
1459 1711689718
1460 364672533
1461 765815979
1462 1544776203
1463 1059525775
1464 1148148632
1465 784058274
1466 1877112874
1467 305230923
1468 233940218
1469 2039794158
1470 524719395
1471 1967400551
1472 1338359785
1473 1191108019
1474 477223586
1475 2035308035
1476 1210261195
1477 1753118648
1478 77364045
1479 2083336692
1480 385302687
1481 1407639130
1482 1630727151
1483 357981778
1484 1526660560
1485 347036119
1486 1339069815
1487 934178220
1488 599160142
1489 1625592567
1490 1070432376
1491 1623842059
1492 940925696
1493 1238327540
1494 1142571465
1495 1528026818
1496 980895932
1497 2140484097
1498 489402094
1499 1439533869
1500 414147184
1501 1686248643
1502 2024934469
1503 1527132978
1504 1807985674
1505 78756506
1506 425597151
1507 1437140903
1508 1448914501
1509 1932075813
1510 1002625344
1511 1194499190
1512 1842748137
1513 1671623295
1514 563509912
1515 2099532988
1516 1820873198
1517 430279430
1518 143703550
1519 347120267
1520 1378928415
1521 1094623588
1522 1825477894
1523 569851294
1524 1614175109
1525 1050081802
1526 2046330420
1527 758076284
1528 849338240
1529 78671411
1530 620697634
1531 1062894831
1532 29006852
1533 970752896
1534 1672592316
1535 1566609696
1536 1584793269
1537 829458777
1538 68137200
1539 228627333
1540 337312680
1541 2136079739
1542 508865991
1543 490005741
1544 662356565
1545 753694211
1546 1858054755
1547 1641343217
1548 302178119
1549 777260297
1550 762024709
1551 91835114
1552 266354666
1553 1541587649
1554 531448644
1555 1135519715
1556 1737196610
1557 40352085
1558 1510217389
1559 1708573645
1560 9314037
1561 584953813
1562 103300588
1563 1423788542
1564 1381985614
1565 1741051008
1566 43950317
1567 1143858293
1568 571824179
1569 1137069137
1570 1124686104
1571 171141682
1572 1518398493
1573 1246086125
1574 1683325440
1575 2037816112
1576 1874395807
1577 59069957
1578 1511622219
1579 731857145
1580 1896926218
1581 1619364912
1582 1456621259
1583 1120195114
1584 1159012184
1585 1855908537
1586 898022733
1587 220229120
1588 1040449430
1589 1513329945
1590 1940898350
1591 1870139099
1592 1642130097
1593 2054639920
1594 1381601131
1595 682743303
1596 453149512
1597 431398442
1598 761802400
1599 2041883406
1600 211677745
1601 1114385919
1602 1150498112
1603 1090338276
1604 1012935858
1605 1677402575
1606 1026988064
1607 431447009
1608 903876624
1609 494009693
1610 860607676
1611 957060903
1612 1104956882
1613 119805192
1614 2133105936
1615 1115491724
1616 923636049
1617 1868214734
1618 1567875756
1619 2085253589
1620 863327877
1621 1720659616
1622 1835155884
1623 1675152263
1624 2045567030
1625 1122599133
1626 692442876
1627 2006056890
1628 1920557578
1629 768621201
1630 1010825169
1631 1187638331
1632 1648835345
1633 1902344546
1634 731994991
1635 2128654084
1636 1316799555
1637 1811735507
1638 966186140
1639 848710014
1640 1243584463
1641 539362183
1642 1668295666
1643 573568178
1644 1907829151
1645 135414844
1646 512360270
1647 1649263067
1648 2128386277
1649 946806169
1650 1984629689
1651 1658822920
1652 1447352978
1653 574037153
1654 1938147290
1655 454279509
1656 1930598952
1657 148443811
1658 1856757585
1659 1255425950
1660 1686696417
1661 1441549990
1662 1279870136
1663 2115824679
1664 1249310586
1665 409973715
1666 65190154
1667 940078882
1668 786340834
1669 1591250267
1670 106554576
1671 1942117977
1672 701976070
1673 1801220262
1674 349136164
1675 1670242219
1676 1254705811
1677 646044770
1678 1914873484
1679 1511982597
1680 662628536
1681 1848351387
1682 1066489839
1683 2013875673
1684 181293971
1685 855134097
1686 743569430
1687 105487605
1688 1767528103
1689 1246975349
1690 1772445916
1691 1052074225
1692 1577257978
1693 1924485220
1694 1720231460
1695 1512090223
1696 1414876493
1697 19651323
1698 1709548853
1699 594554331
1700 196632240
1701 909429148
1702 447987037
1703 133280376
1704 1946616821
1705 1320756759
1706 223036787
1707 1192922033
1708 95111286
1709 1246973144
1710 2018840005
1711 768032712
1712 1453728936
1713 1465252318
1714 1899833820
1715 67518493
1716 2015765249
1717 871279418
1718 1181837172
1719 1292645902
1720 1206609191
1721 1771258207
1722 1590647930
1723 1250141322
1724 1922237526
1725 829899457
1726 312217381
1727 1712391796
1728 1203821298
1729 1940949130
1730 942024502
1731 1873945884
1732 152108403
1733 726848321
1734 772513263
1735 60947800
1736 241663381
1737 1556009155
1738 452572960
1739 1369496821
1740 860385719
1741 1672705467
1742 1489827582
1743 241105926
1744 567634060
1745 55862303
1746 894077129
1747 1650106895
1748 566091431
1749 1890879320
1750 1045254533
1751 1315913810
1752 298970404
1753 526237801
1754 2000881626
1755 1052646214
1756 1913988703
1757 230123679
1758 1851745613
1759 1642705467
1760 884464948
1761 103857286
1762 368915498
1763 919655716
1764 1909986116
1765 215268437
1766 2100084480
1767 918372976
1768 333604374
1769 1323816995
1770 1686599935
1771 1806378995
1772 663055989
1773 785863965
1774 1472412238
1775 882881077
1776 1797738700
1777 671336998
1778 1292960066
1779 667882381
1780 1665606376
1781 631108742
1782 1457568268
1783 155409623
1784 1146990805
1785 1537537494
1786 264788863
1787 476791593
1788 897399460
1789 1904746235
1790 960953133
1791 584790467
1792 1385366327
1793 1971932951
1794 1272749728
1795 673185325
1796 1287555862
1797 1663349879
1798 765859043
1799 460257367
1800 371451544
1801 167742670
1802 523725445
1803 1175814315
1804 725940459
1805 885225627
1806 461324954
1807 1081911610
1808 939744702
1809 1763821810
1810 188384981
1811 1954920941
1812 1027140213
1813 191871735
1814 930710126
1815 1306597087
1816 1785407407
1817 770213478
1818 288529670
1819 2093904863
1820 102700428
1821 1216993449
1822 1202651824
1823 636073207
1824 1653649133
1825 1825481042
1826 1382583526
1827 1663437555
1828 1674701978
1829 1833730341
1830 782680295
1831 1364169831
1832 1578623798
1833 820980355
1834 585695511
1835 192822116
1836 1865235848
1837 6400852
1838 185750709
1839 2095361589
1840 454399433
1841 894798337
1842 1370322641
1843 376048717
1844 1730288356
1845 415081286
1846 2134968638
1847 1610308327
1848 993942620
1849 1875464973
1850 1547219616
1851 2142723246
1852 2008918204
1853 1206319306
1854 1760682556
1855 540780911
1856 60190268
1857 1242579928
1858 930293649
1859 1499030018
1860 1502539055
1861 1590522114
1862 2020578463
1863 1705650984
1864 1432901274
1865 524689098
1866 1147568645
1867 1555507938
1868 1573632789
1869 892311108
1870 978825341
1871 47285503
1872 697445327
1873 1936408868
1874 581561241
1875 1145159601
1876 1717637431
1877 686685472
1878 69170105
1879 1555183180
1880 43427436
1881 802846046
1882 986735124
1883 928715164
1884 175834199
1885 728395356
1886 1642058292
1887 1016932979
1888 593972411
1889 89795433
1890 1873566174
1891 420145344
1892 214195471
1893 1566413988
1894 78099561
1895 374522169
1896 855430979
1897 2025405481
1898 905838684
1899 481123460
1900 649987514
1901 1086217919
1902 2136652026
1903 2069483394
1904 436638386
1905 1908770942
1906 1684099588
1907 956931116
1908 1968835836
1909 1252266948
1910 2127786859
1911 990442122
1912 44305930
1913 73230078
1914 684866927
1915 331659594
1916 863143087
1917 183799895
1918 1848343138
1919 958550019
1920 505011473
1921 24603243
1922 1434353621
1923 1266044144
1924 1169621134
1925 816462552
1926 409160156
1927 483102514
1928 327015686
1929 920567044
1930 823600352
1931 1814281461
1932 850642074
1933 1421834852
1934 861726852
1935 266994436
1936 1234533526
1937 1337439441
1938 717951721
1939 484909637
1940 2072977474
1941 1286139741
1942 665150259
1943 1686274626
1944 318281213
1945 662143218
1946 831884622
1947 1166876894
1948 1565134260
1949 1172758043
1950 1743840266
1951 886767681
1952 1334562642
1953 221758281
1954 126751208
1955 1645962403
1956 317352671
1957 554031546
1958 203735028
1959 739237812
1960 356550839
1961 1238484399
1962 1572798909
1963 1213417642
1964 2053292846
1965 171404862
1966 620418385
1967 1061045463
1968 830037773
1969 261684708
1970 1875375526
1971 1804802808
1972 1575487125
1973 1968470516
1974 929387112
1975 2042237624
1976 1224414979
1977 592549713
1978 727282964
1979 237264826
1980 1150761668
1981 1154206007
1982 699341709
1983 835248865
1984 1371066442
1985 799974434
1986 141882756
1987 467793318
1988 796422279
1989 89080642
1990 1023242969
1991 246273658
1992 893931035
1993 1103284559
1994 897467216
1995 853631348
1996 1161262064
1997 1156851864
1998 1877765630
1999 661271969
2000 2113539176
