0 6
1 1115838748
2 1584760306
3 241675867
4 2083913041
5 932040805
6 1985406054
7 1366645399
8 1482845451
9 1232078459
10 1119191204
11 680794239
12 983118514
13 731260444
14 1457021287
15 846004120
16 1163950864
17 1892506630
18 598072222
19 451373677
20 90738089
21 1487283706
22 1647045365
23 902178504
24 1945614812
25 2130236156
26 1262746810
27 74036842
28 17589149
29 742875978
30 870717476
31 252573223
32 1115829361
33 1196173430
34 306395847
35 1336266288
36 1492093212
37 4264665
38 347059020
39 429638104
40 107147657
41 2059878880
42 116287654
43 778003837
44 1738809993
45 396413773
46 1313746686
47 1486495799
48 1972451442
49 141428566
50 161481060
51 2108302329
52 2073514483
53 2063006266
54 924823158
55 884035976
56 1145400
57 1919200424
58 1719288226
59 1823737385
60 923788235
61 1131424071
62 1921041929
63 590311450
64 1422146974
65 729576275
66 106612650
67 633060287
68 136131180
69 1794600712
70 1525570514
71 1477700537
72 1773969080
73 326271101
74 2043219725
75 215135940
76 1558625471
77 853752519
78 261280043
79 2113250853
80 1198484575
81 1482599396
82 1932798394
83 1624985648
84 945544576
85 2035678280
86 1004231893
87 613006272
88 346279199
89 248875721
90 1451891481
91 506786433
92 1677812533
93 995243262
94 411106934
95 1144797164
96 1784035182
97 2046412738
98 949741485
99 2018596743
100 151536158
101 243394606
102 1409609712
103 1826343469
104 1107621452
105 145212890
106 1820774687
107 1527987679
108 888716185
109 181486660
110 664249769
111 794062088
112 1724312135
113 875894845
114 987333434
115 352413867
116 805381715
117 2054818885
118 864603505
119 1470809144
120 2061853033
121 182723626
122 1555167373
123 1379073787
124 359098814
125 1725937553
126 829338010
127 546617387
128 1826646747
129 1083775836
130 95717089
131 769324176
132 1191958062
133 455238515
134 450317134
135 1148650908
136 745474797
137 53101701
138 453118148
139 410053142
140 266657674
141 1031124915
142 1321355967
143 1394106764
144 1007577993
145 298530952
146 436768150
147 1814172484
148 774001912
149 1300776149
150 1100032120
151 1173028246
152 1673032538
153 1001787371
154 68480666
155 1343049190
156 332941214
157 490583674
158 1478537054
159 1502144129
160 1330446697
161 1478452186
162 708583036
163 1588421692
164 1472087415
165 1139960151
166 154488970
167 1159255887
168 2128584309
169 1545329196
170 2011914343
171 90076386
172 56190251
173 22967159
174 388518485
175 346713170
176 1275448577
177 89796358
178 704569156
179 70078514
180 272432539
181 1783601084
182 1136259419
183 1582403910
184 494137913
185 2079665560
186 141122479
187 1306084661
188 118198994
189 1157181030
190 1948592971
191 1654843206
192 3752815
193 1400551830
194 75413399
195 1288171369
196 937377289
197 1579789864
198 1484732002
199 1226170685
200 1555937280
201 821352637
202 684177338
203 282333664
204 1849771354
205 1535383155
206 864330225
207 879976209
208 456276768
209 544944191
210 990792826
211 1637864574
212 1418990341
213 1791976417
214 2080577651
215 346507610
216 2129721788
217 1522278651
218 1353132657
219 458216121
220 1929183592
221 1307294679
222 2029656343
223 1487058062
224 1259609457
225 1984952829
226 1247533399
227 1422544979
228 65485188
229 1844542024
230 549241247
231 2008636406
232 1366074445
233 679918233
234 631191422
235 1287466287
236 2038771516
237 1337990575
238 1402179721
239 1377032956
240 2101295795
241 94227794
242 1044969293
243 1222296617
244 1580197068
245 1118115597
246 527285445
247 959276074
248 1567168813
249 1298596625
250 889313182
251 960058616
252 1832715571
253 527397242
254 56536229
255 772034050
256 1499214879
257 296124109
258 439204936
259 756483686
260 1573740693
261 2042013893
262 2027423318
263 107636438
264 571260547
265 530696209
266 181417739
267 1815264159
268 1985266394
269 145551377
270 124987550
271 1348486398
272 64639545
273 1541421140
274 1100171786
275 1953802977
276 22754533
277 881559859
278 1441773664
279 1855608071
280 1158776488
281 1318526192
282 1783322072
283 1211246445
284 1141397428
285 1386944748
286 245472114
287 1544651879
288 1843314356
289 789964165
290 629398233
291 1995016022
292 148707124
293 1279448911
294 90896410
295 1370144159
296 1748370979
297 625996347
298 204159111
299 964812980
300 905224553
301 1759838463
302 1093140237
303 424810923
304 1706951547
305 361992685
306 1132089207
307 1324666954
308 1849832571
309 85486209
310 1328322599
311 1304303372
312 1166254064
313 1336664556
314 1804620931
315 1204228404
316 1285233729
317 1135478786
318 1615749137
319 1415007034
320 1864992101
321 2128713821
322 787134661
323 1719361493
324 237190409
325 1565382611
326 1876883794
327 147916797
328 928493978
329 24009906
330 986489755
331 1761908184
332 990941165
333 1496126728
334 1882554791
335 301816597
336 1119665321
337 255643062
338 1087651578
339 2139628711
340 456765119
341 1779157869
342 446412699
343 919671312
344 2122989379
345 100683073
346 845557822
347 1553996791
348 1681987079
349 981849863
350 1461724023
351 170782855
352 2069650406
353 1247453530
354 977541886
355 412561536
356 965517740
357 1816137219
358 66758452
359 875431919
360 776047649
361 749587129
362 2078386658
363 654284011
364 1352652196
365 1398173085
366 1709187888
367 176106076
368 1730700126
369 596413474
370 2042717194
371 441290254
372 1171576679
373 1319902955
374 622310199
375 98901707
376 1392623513
377 1520660880
378 1090283447
379 2030640098
380 83378333
381 1382820557
382 738314687
383 504266853
384 1810160663
385 1796066562
386 1417109628
387 451619291
388 1108996876
389 125272830
390 1564267709
391 68401960
392 2043421967
393 1705070854
394 1353710638
395 38750167
396 680049290
397 2014854790
398 646979790
399 605820081
400 1232119585
401 1255259486
402 1840482685
403 1258606413
404 704263459
405 310543395
406 614932715
407 541375156
408 1845933757
409 455751184
410 687941519
411 329485815
412 720947880
413 1923842535
414 1206316486
415 1610391375
416 693826545
417 1127072252
418 474317073
419 1572074189
420 1503688743
421 384751727
422 1538675211
423 1133202220
424 620705165
425 972468150
426 1412082596
427 346869935
428 223447038
429 1010958906
430 125654038
431 93893486
432 1560449445
433 300103777
434 2088257841
435 1516337079
436 2466222
437 776516510
438 2112757075
439 804591651
440 1723146351
441 1722893948
442 312036099
443 1340883635
444 1587194463
445 1761129754
446 19052129
447 48059392
448 600891744
449 949883349
450 1660688926
451 1251732941
452 735541163
453 1534230332
454 615224976
455 613511940
456 1444757295
457 2022081019
458 865451733
459 1692994542
460 1162594284
461 615048526
462 479379531
463 962895168
464 1064963745
465 1490743311
466 919277616
467 26245192
468 1917864426
469 510937428
470 2124330005
471 13269043
472 413198711
473 242441190
474 913185974
475 930923914
476 99620502
477 434882388
478 116488650
479 504858435
480 1099245615
481 194848274
482 935604317
483 1994613118
484 513784691
485 601848921
486 224600352
487 733239742
488 193937964
489 1213221301
490 20011379
491 1848190073
492 176565447
493 1070795427
494 688063963
495 1790955384
496 463148481
497 913077990
498 354668964
499 87455622
500 1238680316
501 1575344301
502 4966527
503 1688049478
504 856890040
505 623357351
506 1913875209
507 1528292693
508 143497777
509 370210959
510 6201736
511 1677026439
512 1495158325
513 793392308
514 160117604
515 171692595
516 122727022
517 740664187
518 2042395306
519 698453835
520 1552721552
521 887765963
522 66029604
523 1418501252
524 1403623628
525 51757354
526 8350736
527 1878666610
528 2088968495
529 719552822
530 1513430440
531 1838601086
532 2030835578
533 838964664
534 1711163561
535 2123971466
536 1604420983
537 450965030
538 97900052
539 499397783
540 509293346
541 1108305227
542 661183052
543 1122683695
544 331186593
545 608181842
546 567589298
547 1241035026
548 872850371
549 1714797361
550 527314530
551 273270249
552 1454907030
553 1560176558
554 1186402926
555 1094400117
556 148488443
557 1585119786
558 1687444826
559 568246626
560 1975574269
561 1317933997
562 1584773730
563 474812444
564 2061332655
565 1350409927
566 317677294
567 263777069
568 836139718
569 1814478968
570 289066794
571 1830582916
572 1482470273
573 1644496317
574 894408378
575 449812881
576 47427602
577 489708513
578 1403778979
579 2103094956
580 107777857
581 1263371346
582 899011240
583 1843006943
584 1462855831
585 681174931
586 1253678215
587 1058260016
588 1344273691
589 1601473453
590 1277535132
591 1200893464
592 941618881
593 1699499134
594 231229630
595 339259303
596 1621799875
597 1589434247
598 351679715
599 1980450122
600 1947106734
601 1715441343
602 271482663
603 2082036456
604 519812278
605 1026980616
606 2063415583
607 361015069
608 198280490
609 1885738127
610 725371297
611 1806579631
612 965853306
613 1110540004
614 1960849390
615 1679846106
616 121397247
617 1381471527
618 828401941
619 1348861125
620 1038943842
621 9531615
622 362779574
623 1881076222
624 43941023
625 19410335
626 267945786
627 695879551
628 1965207923
629 1519628360
630 632894400
631 1077828913
632 504261147
633 67069247
634 1294186686
635 13839788
636 1534061475
637 824934481
638 295731882
639 2037810101
640 1910509296
641 724966629
642 1715661671
643 1628524046
644 1377697020
645 1139956875
646 1782801411
647 501022689
648 91015052
649 2135546760
650 1680530992
651 1689798462
652 776587344
653 1441015063
654 320040529
655 1211705652
656 2007311901
657 1994791460
658 832760979
659 1001442082
660 266943198
661 1216757035
662 1667048112
663 1840027779
664 650852416
665 174881888
666 226797693
667 1543430774
668 244797119
669 250754071
670 1129366313
671 1586166240
672 224449582
673 1442828618
674 1359907988
675 549042983
676 211712779
677 1097795633
678 710155146
679 1979963856
680 281933573
681 646947224
682 274854964
683 2007737627
684 1547444962
685 1359543838
686 1223711567
687 574710904
688 1974554903
689 1546600390
690 265944101
691 298745441
692 239273170
693 614324598
694 1828330952
695 1314869514
696 1172212824
697 991966053
698 1708179690
699 1055401550
700 1565071788
701 195421018
702 1882758797
703 544941252
704 1742058219
705 658012426
706 959844018
707 64527776
708 407888554
709 1907121063
710 1340426958
711 133657765
712 1585559052
713 1767125268
714 1067825681
715 1939047449
716 188438369
717 1081070825
718 1755751634
719 1883713676
720 1396726564
721 2018559931
722 1127574520
723 1434887667
724 1143094559
725 503984288
726 699593399
727 1206314977
728 1841584053
729 662017010
730 189957226
731 817201431
732 1878814964
733 1411840099
734 507846189
735 175979579
736 349043343
737 1503210739
738 2136009774
739 340405120
740 1089724227
741 1331673881
742 810357301
743 494018039
744 167999119
745 1541944042
746 1622448664
747 1250242356
748 1648864978
749 2100103787
750 654128784
751 282953669
752 1317534396
753 1516231311
754 879907594
755 1497949578
756 1546174626
757 1076206678
758 93140440
759 789156888
760 937001376
761 182102685
762 1457982817
763 55732356
764 952593002
765 1425649029
766 1269830133
767 698404208
768 714681432
769 185664303
770 632379243
771 812285944
772 1398432033
773 1998260689
774 722042155
775 378936018
776 544256610
777 1157702836
778 1326793953
779 1450764054
780 111055600
781 2126546178
782 1137348617
783 872989101
784 404657954
785 1174009606
786 1290911152
787 418110884
788 244100497
789 3158365
790 2118234123
791 1033787182
792 1742985335
793 1897347936
794 1993558589
795 1223598093
796 871444097
797 904066310
798 2126906700
799 183909529
800 1897173
801 843374388
802 115194790
803 1818604180
804 220447392
805 641537661
806 1657196416
807 384910191
808 663751650
809 650827022
810 934881300
811 192793927
812 1476364627
813 1553267705
814 796183180
815 406111729
816 658836198
817 1372463016
818 48057361
819 669270915
820 1687931134
821 1522837465
822 36634504
823 1924752800
824 207196351
825 767067039
826 1056003769
827 1527233814
828 1408144747
829 1854532476
830 208563433
831 1432268153
832 892737616
833 1414398817
834 645640079
835 1410543092
836 135702231
837 1466226495
838 1288208016
839 411049095
840 189929236
841 2128384346
842 1261780582
843 653466599
844 1073331150
845 489325302
846 1552449326
847 1208346085
848 700329317
849 662367740
850 1966990744
851 98051195
852 1562452979
853 436626921
854 1322561489
855 1797221023
856 2003549950
857 1232253849
858 2015671674
859 733956433
860 354265274
861 1208231487
862 1265300104
863 32381060
864 1890644227
865 1882443414
866 1506036480
867 1964617775
868 1767836549
869 557412602
870 183226695
871 1862025027
872 11830193
873 1661250947
874 1459148278
875 1896966422
876 2065649885
877 2072543115
878 959562458
879 872035073
880 330831946
881 929431100
882 435591224
883 444185356
884 173143280
885 1183149630
886 339992489
887 294311090
888 331704533
889 2028032751
890 1860620804
891 737087335
892 1014229533
893 204673973
894 635529408
895 984405254
896 674422468
897 398068675
898 805475244
899 1848693050
900 975565192
901 1610391113
902 794005456
903 1797403921
904 815472479
905 334365612
906 1353751561
907 95328067
908 1918713454
909 1249565751
910 2021865006
911 1306369042
912 1834734811
913 790393151
914 706612956
915 828405526
916 749183021
917 1389888728
918 1826659500
919 424004775
920 74236627
921 1004858289
922 2022693171
923 630866888
924 162041500
925 1688241340
926 199651685
927 729947847
928 1339219758
929 14730702
930 1657616675
931 386978614
932 1187497974
933 1757204102
934 56173217
935 570451396
936 40711347
937 1471460471
938 1999593415
939 1949222077
940 1233650280
941 2133547402
942 1630323918
943 48898858
944 1180226964
945 8579766
946 2015626859
947 722047591
948 1748948576
949 441690924
950 1439182970
951 545161366
952 2001142387
953 1703300321
954 1454778529
955 927458575
956 1183116987
957 724353867
958 1270811103
959 1218460455
960 1923247757
961 1373173574
962 1069585218
963 525405028
964 724321138
965 1367451813
966 633339503
967 1055365168
968 1532719670
969 788499564
970 381635884
971 1621981624
972 195859829
973 963122518
974 1509104421
975 678340656
976 1983821973
977 807254949
978 738252144
979 2104610139
980 429191348
981 1705304755
982 221486319
983 352237788
984 389627257
985 264413261
986 1968550500
987 1117929266
988 423139285
989 1883115146
990 1796756411
991 1874992921
992 1432399342
993 2081669475
994 1948613656
995 2026403075
996 1982240339
997 1006254858
998 601788270
999 1818101775
1000 506095546
1001 1428775848
1002 1782727390
1003 259438147
1004 1759977362
1005 1659254960
1006 377207503
1007 1607098272
1008 1237749502
1009 606730604
1010 1667882308
1011 2085504889
1012 203301379
1013 576646555
1014 742555723
1015 874339686
1016 1079154411
1017 1034534123
1018 956597719
1019 1418620267
1020 1428451077
1021 1162107707
1022 443641891
1023 882086257
1024 103198333
1025 998588134
1026 152383639
1027 209614298
1028 1924703768
1029 2062627096
1030 1420883965
1031 727250376
1032 179010304
1033 544075481
1034 1265307002
1035 669753821
1036 500955567
1037 91923685
1038 414598908
1039 157269646
1040 1775476918
1041 796790701
1042 1700917096
1043 548377106
1044 1566018603
1045 1382280650
1046 1255550105
1047 1866567882
1048 931061444
1049 2138152426
1050 428935446
1051 700522113
1052 1956925182
1053 1498239333
1054 130829858
1055 161484168
1056 227618176
1057 2118032650
1058 1830525839
1059 1003008171
1060 1562983745
1061 1457925051
1062 1406078439
1063 73286211
1064 11553382
1065 490733037
1066 1981307720
1067 202239615
1068 1653274064
1069 141833374
1070 2119681026
1071 578866542
1072 1018315738
1073 1145991796
1074 1564731857
1075 676020411
1076 1697651690
1077 1142527907
1078 840797864
1079 1368642451
1080 995320371
1081 2023971511
1082 2116871488
1083 1243842975
1084 1082013876
1085 1491139935
1086 986080280
1087 1713566295
1088 1496756667
1089 81674451
1090 2090210437
1091 2006049261
1092 1971107106
1093 684390629
1094 1539761428
1095 2088032699
1096 1789862576
1097 2056697668
1098 625735995
1099 1021967050
1100 696868195
1101 610890002
1102 113621351
1103 948647206
1104 1132811414
1105 1076996588
1106 110551496
1107 183514463
1108 1841732970
1109 281410376
1110 2008169705
1111 219172895
1112 579108141
1113 239685165
1114 952531862
1115 153758470
1116 1159109282
1117 1845156052
1118 1925070653
1119 1814426522
1120 418207636
1121 592440259
1122 34856466
1123 1118031739
1124 1967512214
1125 1984479772
1126 1665659394
1127 1977895701
1128 1695473430
1129 651105442
1130 1668415469
1131 22280252
1132 1487200883
1133 1134054640
1134 793875969
1135 189597269
1136 1504713637
1137 1213037728
1138 1762026679
1139 1262408043
1140 1536382529
1141 835457431
1142 725935234
1143 1299712334
1144 1009231493
1145 547824410
1146 1545823092
1147 872891787
1148 701779207
1149 1972473021
1150 227672157
1151 1942852854
1152 171197514
1153 1892604897
1154 1451964104
1155 83355418
1156 1597073215
1157 1446523017
1158 312483820
1159 1115453118
1160 599783484
1161 1386070774
1162 1955260225
1163 2008352092
1164 591723500
1165 173350357
1166 1482731676
1167 1385297147
1168 1641276348
1169 103378374
1170 272203019
1171 448693640
1172 1775560520
1173 915359939
1174 250285865
1175 971807856
1176 1346077839
1177 1884071129
1178 1524867559
1179 1294890060
1180 1957281136
1181 49828484
1182 67842166
1183 1470669109
1184 226344650
1185 1768878364
1186 1970603389
1187 841691692
1188 2082222371
1189 1596437673
1190 1889339207
1191 938710828
1192 728252995
1193 356952712
1194 2096142202
1195 548954859
1196 1942684967
1197 1389920458
1198 1075991084
1199 1608886433
1200 630228712
1201 606102722
1202 1838764961
1203 694781587
1204 438583374
1205 1344264791
1206 1064589932
1207 398351337
1208 921051344
1209 228219486
1210 990016558
1211 2032507936
1212 197240748
1213 1260685845
1214 131025095
1215 483667904
1216 1936158032
1217 2133675785
1218 166935820
1219 1528723457
1220 447932559
1221 388972121
1222 1440311094
1223 326387405
1224 1107038574
1225 1614956367
1226 2090556780
1227 267746147
1228 1117296790
1229 1688602825
1230 402846118
1231 206160401
1232 1874005542
1233 2048796950
1234 1937519086
1235 130172223
1236 1275432113
1237 930289447
1238 1443637447
1239 1668708097
1240 27920426
1241 1126739091
1242 1733150105
1243 863404308
1244 81117390
1245 1055157124
1246 2039629263
1247 1286635307
1248 6367666
1249 1328966901
1250 1544832520
1251 247660392
1252 310315398
1253 1013903012
1254 1825756516
1255 1399968844
1256 1874526077
1257 236586037
1258 915473308
1259 119244083
1260 493480133
1261 919809872
1262 1485708350
1263 1161008939
1264 192533908
1265 784258364
1266 1365747387
1267 1532328980
1268 106358258
1269 792297375
1270 1585828821
1271 1516661260
1272 133845607
1273 1219342226
1274 1035054017
1275 85755135
1276 1944971432
1277 1035953678
1278 53023638
1279 698965314
1280 1088063992
1281 224341207
1282 1387269839
1283 964513811
1284 73658067
1285 711130988
1286 682014091
1287 86304787
1288 162105046
1289 1870249159
1290 1890113245
1291 360005669
1292 805778365
1293 168934577
1294 403958702
1295 644445574
1296 1104993147
1297 433318957
1298 803850555
1299 1473533198
1300 1582312902
1301 97020536
1302 595719445
1303 438744711
1304 1816280229
1305 1035317512
1306 2042350310
1307 1740300432
1308 1457345191
1309 347527807
1310 1313008876
1311 479318948
1312 1808076413
1313 1437429919
1314 1549974937
1315 1999991320
1316 1653569775
1317 999981301
1318 1373188180
1319 1476947812
1320 14280453
1321 246058106
1322 1887003413
1323 818377385
1324 17123111
1325 1150420160
1326 1867493949
1327 2116340513
1328 2092593576
1329 823354907
1330 1921480163
1331 1796864523
1332 1702308001
1333 1844840108
1334 918574752
1335 1091381270
1336 694015042
1337 496084751
1338 1641057703
1339 1761325365
1340 951338307
1341 749771959
1342 1249290932
1343 1545293599
1344 389719425
1345 1251922872
1346 1427643115
1347 1043884007
1348 656666693
1349 1744573805
1350 614131838
1351 766622597
1352 197231276
1353 295248595
1354 71789313
1355 1626993600
1356 1368648769
1357 1514551699
1358 419949920
1359 650100688
1360 413530459
1361 248559176
1362 461649535
1363 527891530
1364 670338611
1365 992447633
1366 396167796
1367 636028676
1368 223637857
1369 1053682917
1370 897740513
1371 1810664558
1372 1110267643
1373 1837596708
1374 419465028
1375 1716714859
1376 201659150
1377 766499517
1378 1382245792
1379 329512393
1380 297289349
1381 276750445
1382 65301130
1383 1420156024
1384 1707344624
1385 1743199913
1386 2061957960
1387 1089153959
1388 1438176573
1389 1482783039
1390 82741216
1391 707800574
1392 1623172200
1393 1511764207
1394 1365221767
1395 858039081
1396 1031250245
1397 777739261
1398 556925998
1399 1833020504
1400 413644450
1401 347668421
1402 849563557
1403 134119890
1404 1257931580
1405 381286913
1406 2127868649
1407 1146393729
1408 1530679200
1409 227200286
1410 1178705440
1411 887801988
1412 834897986
1413 1605474095
1414 70103163
1415 1237710444
1416 940616975
1417 1863562524
1418 1065519265
1419 1814696109
1420 23488070
1421 462231600
1422 591696802
1423 1831996808
1424 1799035969
1425 1006693025
1426 158789952
1427 83904437
1428 1749533437
1429 491719949
1430 365959442
1431 71448073
1432 471568972
1433 129630647
1434 497167025
1435 175720437
1436 1850366882
1437 914495517
1438 143577158
1439 500626600
1440 1564875617
1441 841070232
1442 1278527516
1443 855251648
1444 325847777
1445 959103702
1446 1085544629
1447 2131146768
1448 1242540465
1449 313663701
1450 426617698
1451 463248698
1452 381124566
1453 100364577
1454 1674863206
1455 297863465
1456 1516095694
1457 1949526727
1458 570549682
1459 14339361
1460 159136293
1461 628235533
1462 60328764
1463 1573255265
1464 2021915474
1465 1340147309
1466 1735048031
1467 2057256974
1468 958683692
1469 1575225418
1470 192002551
1471 24966074
1472 2141885352
1473 236964964
1474 360924832
1475 1074081012
1476 1250858003
1477 1062169885
1478 814075494
1479 387347981
1480 1265535100
1481 1705503816
1482 734435596
1483 1169118063
1484 166560186
1485 38882834
1486 48223459
1487 2114381964
1488 981317553
1489 250197875
1490 862117869
1491 832983721
1492 1355939947
1493 682070340
1494 1206925416
1495 989074410
1496 1867084892
1497 2004245334
1498 2103661754
1499 1922839818
1500 747209614
1501 1789299605
1502 844221925
1503 77117923
1504 1535389110
1505 825943571
1506 127535554
1507 270764577
1508 1477447010
1509 14088228
1510 631644161
1511 1998960156
1512 195430974
1513 2007023051
1514 589508258
1515 1670316995
1516 1441523954
1517 434598415
1518 483210084
1519 1990271095
1520 979522277
1521 734257416
1522 1816210588
1523 1108085455
1524 402056085
1525 528479604
1526 576872718
1527 747457977
1528 2061883398
1529 1056984249
1530 1877950628
1531 1858772892
1532 161825992
1533 366142238
1534 2033451047
1535 152203662
1536 957313695
1537 1603371954
1538 1479145456
1539 389474489
1540 878220451
1541 85874483
1542 1986198047
1543 453494929
1544 564275997
1545 2095455448
1546 440515426
1547 357504109
1548 1066181103
1549 801554953
1550 1954966484
1551 465803449
1552 2082475797
1553 237560964
1554 1320291528
1555 1324484101
1556 187173623
1557 2137859007
1558 1607823532
1559 1324389617
1560 1262767708
1561 517332455
1562 484103397
1563 2001603600
1564 885705587
1565 632594618
1566 683930138
1567 466791586
1568 1099165669
1569 1358210166
1570 1666743507
1571 984835438
1572 1677608141
1573 450612205
1574 1902683322
1575 720542101
1576 723538427
1577 155689611
1578 1594541691
1579 1803142155
1580 1783753938
1581 19304024
1582 1451466220
1583 594773287
1584 2041427607
1585 1006910940
1586 12251392
1587 1063235132
1588 713031007
1589 1457775873
1590 940854613
1591 1673109263
1592 1994716402
1593 620971541
1594 624154317
1595 2104525144
1596 671283087
1597 1811700950
1598 1376005362
1599 1402900873
1600 1151093136
1601 553330531
1602 33534552
1603 1771513414
1604 1954181765
1605 536732192
1606 1754668207
1607 1460550969
1608 1717874609
1609 1892386546
1610 762032568
1611 521044194
1612 61467867
1613 1794649559
1614 382033354
1615 2001570381
1616 1843379439
1617 2033204990
1618 1511399368
1619 139397722
1620 448872508
1621 1822083032
1622 1438997932
1623 19597122
1624 1922266392
1625 1058559905
1626 1255672645
1627 817873442
1628 1594087449
1629 1056550031
1630 151270997
1631 1175034925
1632 46759524
1633 760740539
1634 1175296516
1635 1019033251
1636 19131652
1637 1621421372
1638 96220857
1639 2140273946
1640 2043334373
1641 292677110
1642 2051230109
1643 1335213275
1644 139547084
1645 26835499
1646 2053221725
1647 860300217
1648 1102219452
1649 326161889
1650 355847215
1651 1769613618
1652 489258175
1653 247530838
1654 8090698
1655 142019900
1656 110479172
1657 1016794932
1658 1134266897
1659 1083034209
1660 668077401
1661 1079118116
1662 1633229122
1663 1060611362
1664 2081905880
1665 1776218820
1666 1382090087
1667 867504562
1668 227200632
1669 1523415234
1670 1381594484
1671 1833957542
1672 1433453730
1673 1626319197
1674 1478189772
1675 1399755917
1676 1481070129
1677 1909752626
1678 552088007
1679 763769938
1680 636064679
1681 1603715420
1682 432969629
1683 1596268707
1684 1344989549
1685 1362962976
1686 515211223
1687 624861590
1688 1300658859
1689 35169380
1690 1742091685
1691 278924263
1692 424709300
1693 997564659
1694 422447455
1695 346509993
1696 167343730
1697 173844617
1698 799407959
1699 1967444703
1700 1236855283
1701 2137346315
1702 1423405459
1703 1978230889
1704 995493598
1705 1126769326
1706 503653662
1707 1484597573
1708 966057001
1709 1220283009
1710 87066141
1711 979511730
1712 880173112
1713 409236129
1714 171863991
1715 615761572
1716 2128995622
1717 1448329587
1718 107663868
1719 603755466
1720 1335442468
1721 1209058242
1722 1798018342
1723 224187687
1724 914395535
1725 1917688135
1726 670337708
1727 52504003
1728 396971276
1729 1421445683
1730 1669563592
1731 1917147179
1732 2021047145
1733 82136424
1734 871946215
1735 1498795607
1736 503981032
1737 1692249900
1738 75730872
1739 1651566696
1740 1263871161
1741 1213479154
1742 1429895394
1743 1269110308
1744 1849066336
1745 1631678502
1746 591454980
1747 1820296520
1748 54044329
1749 1598238664
1750 256244483
1751 859029375
1752 1170364099
1753 1802298981
1754 485163541
1755 836557795
1756 304604144
1757 2083086193
1758 1849725692
1759 1235725470
1760 302964347
1761 1569381680
1762 1622817529
1763 1262042330
1764 179844240
1765 1596927491
1766 436000237
1767 892712889
1768 1437771798
1769 1016606678
1770 394030860
1771 2069593287
1772 1807835899
1773 1971046506
1774 559715546
1775 2087302810
1776 937396593
1777 1239539364
1778 929728169
1779 1540625853
1780 1494763502
1781 1408266832
1782 281578903
1783 751053036
1784 2113048327
1785 1967087435
1786 741809016
1787 487433821
1788 1649641474
1789 1137448026
1790 1990789050
1791 2011621759
1792 773574499
1793 2059373353
1794 1298345
1795 1316716829
1796 566802910
1797 706615295
1798 1618050211
1799 1148132619
1800 1044109837
1801 1120866899
1802 1666548958
1803 551914677
1804 1995352062
1805 824390220
1806 1262411296
1807 1388682713
1808 1905908375
1809 1807948549
1810 1384949506
1811 576715410
1812 470047110
1813 621866719
1814 20216608
1815 1752946684
1816 2041548072
1817 1124383399
1818 1526154029
1819 149597669
1820 311692832
1821 141587213
1822 1417638461
1823 749126562
1824 486216241
1825 159132058
1826 487094986
1827 252013187
1828 1129298762
1829 378674782
1830 1574886257
1831 824152395
1832 830086259
1833 161079454
1834 313199158
1835 610224595
1836 939922497
1837 1813427098
1838 1052002016
1839 662637997
1840 2037128126
1841 1043392605
1842 2081408027
1843 806155003
1844 601123261
1845 843635473
1846 1579603137
1847 552528748
1848 69303047
1849 1822591189
1850 1660854987
1851 361741603
1852 321104673
1853 67068752
1854 1899058151
1855 1959643951
1856 2081498985
1857 603106046
1858 694123250
1859 556606148
1860 2067319554
1861 838614509
1862 1841665390
1863 11405997
1864 1887864718
1865 1141817822
1866 1213211997
1867 958107941
1868 1320844689
1869 711407143
1870 679600925
1871 19608097
1872 522597162
1873 1041145714
1874 546852441
1875 1504144050
1876 1888889740
1877 1377013210
1878 94982009
1879 1932662033
1880 1760969631
1881 21723449
1882 354293614
1883 1296626857
1884 1239097724
1885 645200637
1886 754518323
1887 1735384250
1888 217019821
1889 815042918
1890 485718896
1891 207634237
1892 599145265
1893 1693949153
1894 1440177766
1895 1735549817
1896 1278197635
1897 1571211133
1898 1766035273
1899 1217415864
1900 1183428339
1901 1695916256
1902 1534982257
1903 206939823
1904 132278546
1905 1971587083
1906 771057918
1907 425918213
1908 672521515
1909 482572643
1910 1577536123
1911 1298820475
1912 1561930599
1913 1918712518
1914 1783451122
1915 702924834
1916 1663669063
1917 1063184089
1918 98925993
1919 1492707712
1920 1582789302
1921 1570039212
1922 1355188369
1923 674773430
1924 981084254
1925 833513539
1926 409756379
1927 1584879932
1928 22343580
1929 1806058878
1930 2128344078
1931 1851072756
1932 1333362300
1933 285574668
1934 1705527142
1935 1989532544
1936 1658665637
1937 469329560
1938 706816649
1939 366975267
1940 412478669
1941 781116550
1942 1999510210
1943 1958941927
1944 941755393
1945 2139245479
1946 802533348
1947 1891042770
1948 517865825
1949 947999734
1950 1938438268
1951 1945769348
1952 1392925276
1953 663330103
1954 1596847697
1955 1530635415
1956 1027975905
1957 1657281908
1958 1252897938
1959 1347049061
1960 1635483231
1961 1036930800
1962 1068565851
1963 1626823239
1964 1670993361
1965 2029743365
1966 749569409
1967 841154488
1968 1374406195
1969 813964754
1970 1926534056
1971 1713321055
1972 951208180
1973 1715485410
1974 2088454983
1975 351165938
1976 152890562
1977 255242557
1978 1132099252
1979 650764337
1980 1988480454
1981 54688497
1982 1719336980
1983 1962759876
1984 2117846803
1985 1195549789
1986 551901523
1987 1438652856
1988 310712886
1989 1122904045
1990 1041099592
1991 225188510
1992 1558603671
1993 1224676033
1994 2106368017
1995 119817196
1996 1257152974
1997 144697269
1998 391426225
1999 1157153152
2000 1973510894
