0 1
1 179669209
2 169232147
3 101305185
4 253279675
5 137527847
6 229384179
7 120383844
8 27000332
9 258935879
10 81090280
11 170722181
12 176321603
13 118270683
14 165166580
15 254228926
16 160664127
17 107848595
18 252461856
19 120873440
20 194125241
21 2463808
22 97069335
23 158558272
24 235762004
25 230559520
26 11265681
27 186598299
28 130859342
29 142861781
30 224659235
31 153612321
32 261125175
33 250230520
34 38859172
35 256446706
36 221252786
37 61282393
38 133063587
39 185510295
40 48923557
41 150096675
42 29412380
43 187856291
44 69602645
45 104756513
46 189175393
47 266589461
48 214256406
49 188804444
50 219291720
51 125588197
52 138469781
53 26590154
54 192646679
55 217170848
56 172549437
57 141713454
58 172557464
59 234620310
60 45911957
61 101431194
62 68650877
63 142125292
64 247119928
65 85260077
66 243769929
67 149692611
68 61108325
69 160610009
70 36860328
71 152573553
72 63926412
73 197014245
74 136325382
75 56503232
76 133439966
77 82315506
78 248826282
79 98446960
80 106412726
81 185994465
82 154766634
83 196094561
84 205287427
85 137134589
86 237126925
87 260168780
88 115045060
89 240547564
90 144675257
91 256597714
92 261013880
93 18208025
94 229941948
95 187210805
96 82403291
97 194970891
98 73092860
99 185645485
100 14074066
101 150984898
102 9332951
103 37205138
104 263181563
105 136197444
106 217109621
107 76739480
108 29072371
109 73950887
110 234022152
111 156743375
112 146659378
113 203498284
114 254382365
115 128203170
116 138813125
117 243000064
118 49212437
119 187365972
120 224677653
121 227285937
122 255886035
123 149962913
124 229297133
125 107461382
126 208891918
127 139633966
128 202624753
129 87770564
130 240025972
131 195855558
132 175169013
133 87334588
134 205336705
135 77906437
136 27098857
137 120371376
138 131870180
139 160126682
140 193686884
141 43889981
142 50517765
143 9482991
144 107455934
145 123348132
146 103141066
147 216587916
148 120183678
149 20020838
150 124281229
151 173771735
152 162266962
153 27734601
154 223530974
155 122423362
156 65702496
157 234345857
158 187249804
159 42669747
160 165518374
161 239896273
162 176907610
163 133363019
164 135480106
165 252141772
166 26072574
167 133014181
168 75765006
169 215944486
170 170883627
171 113235686
172 225682385
173 160823500
174 261067512
175 202503899
176 203063251
177 52735609
178 106310849
179 77906169
180 110390926
181 236876985
182 201300929
183 124893400
184 77896816
185 99024500
186 151883510
187 217406280
188 159081882
189 143497653
190 60570356
191 20919976
192 262606086
193 6425353
194 255578329
195 65439130
196 54626316
197 54996279
198 193603641
199 46555864
200 149661693
201 66147660
202 176996048
203 248877763
204 66661811
205 190716592
206 120882583
207 1279021
208 76643303
209 75735394
210 108379313
211 227291717
212 56383340
213 49776665
214 1282067
215 15697159
216 52554964
217 94281006
218 161063286
219 224900480
220 194566711
221 112270653
222 162324173
223 189985802
224 230757596
225 3866456
226 100730306
227 167730457
228 201713215
229 112732930
230 166513617
231 18011015
232 57670390
233 78284808
234 22193777
235 150778504
236 240348301
237 232140
238 68870794
239 1550073
240 145313969
241 167940027
242 26145991
243 79710289
244 68983568
245 149427774
246 86374006
247 202834981
248 125341131
249 144830695
250 113906971
251 241149075
252 149432956
253 143060474
254 105707023
255 5089933
256 197494411
257 38069297
258 111129117
259 197427793
260 241213097
261 209719747
262 142443589
263 67484171
264 156378597
265 254791266
266 46377880
267 237864070
268 115220562
269 250940671
270 28263764
271 113744787
272 123291205
273 52226867
274 93430583
275 216433545
276 207322887
277 73570625
278 144512120
279 89716210
280 115365979
281 243217346
282 53910349
283 103033143
284 61847035
285 135164723
286 251541597
287 94438907
288 79007744
289 173227444
290 129206848
291 5239748
292 62158692
293 98651068
294 96379569
295 141417135
296 40689164
297 153884130
298 249674231
299 146846788
300 13188327
301 168459352
302 76409836
303 179065506
304 179711154
305 139981303
306 189587839
307 105105643
308 253813128
309 75425645
310 190176749
311 157037079
312 49615297
313 168823598
314 267384892
315 148239712
316 53084692
317 181663857
318 43934802
319 32167579
320 147011299
321 104464128
322 29680758
323 107406808
324 243617466
325 97909198
326 99865550
327 65537392
328 210232070
329 41385984
330 236686823
331 79271013
332 93000230
333 126996211
334 87818836
335 160734612
336 27986862
337 147793161
338 157055124
339 5821489
340 107021750
341 147314129
342 126105735
343 124454802
344 30597591
345 21898343
346 133415751
347 225044681
348 82983948
349 196818769
350 50737552
351 73440164
352 164478392
353 230058135
354 58083672
355 122929022
356 173636918
357 230884860
358 54718622
359 238776504
360 166226730
361 251351310
362 112542392
363 86717404
364 230128111
365 74629246
366 264821994
367 71050387
368 124826934
369 203298890
370 142028239
371 237822529
372 54520758
373 87252134
374 238275760
375 99150276
376 34284522
377 89969877
378 47586765
379 207988286
380 95740553
381 93806455
382 176118453
383 104409526
384 249867274
385 45947135
386 232745746
387 61787700
388 218721070
389 263079211
390 188766554
391 10482705
392 243792221
393 230483213
394 53917854
395 240907179
396 248437087
397 61744238
398 145048021
399 187858655
400 241411298
401 30362216
402 51321916
403 35385589
404 42523159
405 16068933
406 234292848
407 117169074
408 80074613
409 214507824
410 209212480
411 75243285
412 102850657
413 157685539
414 189979302
415 229809395
416 103111375
417 87916587
418 185948247
419 92639757
420 102807469
421 228055433
422 173576413
423 155996586
424 186425101
425 4689019
426 114299626
427 130792035
428 263732953
429 44597275
430 153467560
431 3058013
432 47396224
433 261728630
434 30384582
435 19400890
436 48239954
437 12505110
438 6795966
439 202712295
440 218972008
441 182069446
442 161272757
443 30174372
444 158551020
445 154435026
446 56266779
447 118060086
448 100589460
449 139088807
450 162789382
451 176478734
452 28870230
453 193497679
454 244498723
455 114037474
456 54690014
457 117402020
458 153004529
459 57845365
460 263568354
461 165061133
462 243832335
463 81886729
464 46344171
465 244017645
466 91822351
467 186404860
468 67989515
469 164017033
470 6467702
471 13506075
472 217941919
473 19048291
474 17603881
475 232248868
476 89114939
477 105506194
478 264639679
479 236916258
480 153775135
481 257803548
482 65717598
483 167048428
484 121851865
485 232649076
486 172892601
487 121264025
488 86481374
489 20292528
490 113735756
491 211408080
492 14035729
493 228224309
494 262930530
495 121798815
496 168158582
497 27497491
498 64448948
499 119670423
500 186865272
501 119389153
502 121836656
503 78536782
504 199715196
505 77908331
506 201305190
507 153988420
508 222449649
509 106284749
510 169988183
511 102995549
512 251649830
513 146879556
514 204420104
515 139598250
516 166296178
517 119206879
518 16333149
519 222271506
520 247900641
521 159972565
522 96643039
523 45508043
524 825597
525 184693227
526 191731132
527 234962597
528 146305031
529 246431072
530 17143810
531 135745513
532 33735046
533 225428030
534 77971369
535 109288794
536 210326419
537 48392667
538 49329157
539 78116146
540 57482320
541 15984485
542 222249777
543 157345610
544 178254427
545 51164502
546 259119815
547 108107473
548 151636470
549 114537014
550 266397418
551 144579748
552 162168002
553 257497953
554 61136946
555 228149281
556 44881009
557 11431796
558 228545846
559 72751792
560 20991675
561 238077075
562 169204488
563 9600870
564 5489924
565 255696195
566 149922245
567 56559874
568 181890564
569 253475191
570 251502970
571 241541158
572 42552528
573 160367502
574 223809074
575 198017556
576 218811329
577 96052662
578 174739598
579 127493850
580 209565648
581 140154689
582 257784469
583 240141369
584 54011732
585 133034857
586 77586048
587 49795952
588 226430228
589 118698116
590 167965024
591 47959739
592 206219230
593 96049700
594 152360292
595 31233762
596 77893243
597 52535926
598 19265882
599 227428566
600 210858186
601 263872143
602 155849985
603 89163215
604 196144278
605 12428361
606 31300676
607 33231290
608 109843758
609 228520188
610 60884441
611 131245318
612 225516876
613 129503897
614 29359660
615 165749734
616 248446046
617 241658478
618 33469795
619 65836832
620 241215409
621 6497765
622 38462132
623 256247777
624 187318604
625 241471637
626 76144588
627 249428245
628 72164208
629 233750714
630 260828463
631 41585332
632 154975358
633 77227457
634 90149188
635 59533090
636 22574954
637 166709011
638 230305031
639 234645072
640 104121117
641 88219113
642 20935544
643 57160494
644 198964082
645 228183539
646 135487838
647 104379562
648 160473786
649 157797862
650 196427726
651 150599223
652 193403950
653 203304624
654 261478735
655 8338992
656 33861686
657 227766509
658 161101182
659 176317973
660 16258510
661 207943847
662 161915860
663 200935432
664 236053120
665 66872808
666 25469490
667 227488428
668 164875654
669 4953700
670 196644575
671 101168490
672 244198895
673 149855920
674 230749558
675 47209991
676 55485604
677 185138249
678 123680853
679 86354888
680 228925717
681 128020922
682 161678926
683 39322817
684 26234974
685 166299222
686 179272836
687 57930258
688 95019742
689 29462004
690 76182515
691 45247917
692 176009333
693 184984394
694 266276522
695 144091011
696 259451569
697 166291279
698 60543755
699 50558550
700 227468468
701 65773735
702 82434189
703 171207818
704 214018693
705 155179823
706 247281076
707 108240220
708 197575539
709 99363592
710 199867360
711 13435367
712 39516003
713 59328746
714 156607342
715 208146201
716 201736871
717 180518278
718 134619864
719 163502963
720 165364070
721 256528507
722 47073336
723 249007445
724 18138716
725 68313210
726 132598581
727 130672695
728 255758790
729 43306329
730 111720222
731 113644986
732 264663266
733 47111532
734 93424770
735 189704842
736 17719218
737 34874984
738 72816832
739 255353272
740 267209656
741 147295481
742 32904387
743 115001033
744 244890507
745 60248980
746 158390032
747 170212178
748 222658943
749 22035004
750 155204316
751 229901262
752 130511740
753 170151126
754 68040497
755 203066455
756 168052807
757 134881062
758 232436362
759 252624161
760 13180445
761 4029343
762 37521256
763 267937863
764 54329754
765 237823001
766 159652759
767 139167627
768 99950565
769 186005107
770 48706917
771 56153947
772 199630526
773 149913906
774 12159810
775 247619091
776 220260765
777 46508235
778 72103402
779 124282001
780 141419194
781 76055770
782 169776150
783 67897612
784 26815828
785 117183940
786 261981730
787 251184688
788 44012085
789 12354659
790 69412603
791 52480190
792 11862789
793 6312814
794 81904939
795 22153882
796 68999849
797 4553424
798 77590885
799 10635661
800 50015086
801 23528688
802 155897608
803 208502831
804 23393240
805 123679075
806 210824905
807 190365879
808 38575863
809 135452657
810 162692324
811 115443538
812 13366032
813 83767983
814 106039527
815 183580399
816 143107083
817 157306107
818 240648801
819 112106594
820 186162325
821 104542611
822 218168238
823 59014789
824 139898798
825 231564080
826 176883333
827 229539538
828 141546792
829 133242318
830 166765348
831 82760913
832 108106503
833 200683131
834 247395018
835 12983349
836 121798013
837 98853417
838 148227056
839 195757786
840 260349274
841 24204696
842 75961698
843 172314682
844 20663676
845 252037754
846 125355055
847 124630744
848 126860003
849 180137140
850 113562766
851 28156121
852 154976704
853 189867989
854 215186844
855 97526613
856 169067729
857 219683368
858 9715433
859 253228685
860 19577026
861 11675104
862 227575465
863 123899394
864 15394644
865 42014191
866 31249074
867 100633156
868 75112722
869 132542589
870 82554332
871 131727287
872 67033306
873 243335709
874 32619545
875 141080512
876 167278478
877 105771353
878 109844338
879 231043834
880 195059801
881 210099450
882 97595496
883 255696043
884 265363114
885 81158087
886 240042193
887 139193483
888 122769973
889 90957501
890 133551417
891 62124020
892 129490331
893 42422682
894 89024194
895 196282856
896 258640022
897 216942115
898 197961705
899 62358646
900 213444211
901 6087391
902 243225580
903 243207809
904 136753941
905 30688016
906 26729947
907 87636908
908 26839608
909 77872494
910 31291571
911 5639502
912 32051924
913 74185193
914 67856177
915 24531950
916 262624797
917 108538603
918 34655614
919 28076927
920 126476620
921 34853606
922 261595796
923 149485683
924 54414441
925 255714771
926 136055841
927 131136741
928 115448855
929 142581814
930 119812988
931 41740221
932 52809326
933 239443901
934 75755097
935 146909441
936 179165083
937 140710345
938 175003565
939 200588457
940 27357214
941 206990928
942 41030608
943 126741299
944 213247659
945 14202072
946 50218798
947 93339524
948 194441636
949 139604843
950 251147775
951 101511975
952 246551027
953 202346020
954 20747189
955 212138610
956 250388698
957 59451726
958 10048719
959 160236563
960 13503481
961 249888231
962 87329726
963 181987595
964 84056795
965 257422007
966 237081858
967 265388218
968 7614832
969 162048293
970 126341789
971 4858409
972 169842771
973 151339211
974 29016860
975 55044045
976 101436478
977 122827499
978 176927446
979 25844345
980 185509346
981 1756719
982 235925298
983 57167700
984 84813269
985 151974318
986 128926672
987 79737821
988 207327090
989 121960654
990 56108338
991 155780692
992 69722289
993 205766542
994 265397488
995 194346079
996 136268155
997 195413989
998 87684164
999 42777812
1000 6004256
1001 170086656
1002 62781432
1003 139541342
1004 223347232
1005 172954847
1006 150982755
1007 75116221
1008 34941562
1009 218066918
1010 212631959
1011 205082993
1012 66761285
1013 97114272
1014 120154656
1015 19128446
1016 245039305
1017 12337885
1018 194124175
1019 59498625
1020 243028196
1021 83603449
1022 228982522
1023 175239680
1024 15709858
1025 77108898
1026 194770057
1027 185796828
1028 66079035
1029 127295938
1030 33222166
1031 255970639
1032 184174577
1033 73609270
1034 83986200
1035 115089997
1036 112958793
1037 125187928
1038 49992023
1039 247913367
1040 49417312
1041 75888193
1042 229567272
1043 241804232
1044 94543666
1045 125389787
1046 165787034
1047 150655562
1048 54399977
1049 255025618
1050 50596089
1051 161279035
1052 145298053
1053 50053958
1054 27372702
1055 241393480
1056 208055084
1057 32586179
1058 123850114
1059 174514391
1060 153058938
1061 19903621
1062 245325932
1063 34504189
1064 87839263
1065 196893512
1066 144538216
1067 97328136
1068 208580950
1069 105182532
1070 143681601
1071 57291810
1072 61297320
1073 192137584
1074 151728671
1075 180833007
1076 79979091
1077 87271672
1078 103996224
1079 15087492
1080 179942509
1081 189317328
1082 116248322
1083 123832534
1084 113276931
1085 123356872
1086 254697343
1087 172324604
1088 37957024
1089 84434461
1090 46059889
1091 45629153
1092 263953660
1093 31694547
1094 10910068
1095 50415556
1096 197322409
1097 212594624
1098 49177233
1099 253834845
1100 95013907
1101 50793210
1102 132083927
1103 198596346
1104 70803978
1105 96034079
1106 60192815
1107 234768456
1108 104398186
1109 161080708
1110 166517426
1111 226304020
1112 124811318
1113 41778007
1114 64015862
1115 118057528
1116 119095196
1117 37927971
1118 244082714
1119 24505702
1120 192216959
1121 241785909
1122 102916969
1123 9777790
1124 54717345
1125 243381040
1126 78891480
1127 219957505
1128 183795442
1129 138511363
1130 78603988
1131 2957432
1132 84516600
1133 230307841
1134 42933011
1135 124191200
1136 50551920
1137 198804365
1138 6034348
1139 91103705
1140 254018244
1141 168500029
1142 229844769
1143 184277444
1144 138756454
1145 193771428
1146 124876758
1147 55426575
1148 181431661
1149 193541300
1150 54584906
1151 7287608
1152 208329749
1153 123572069
1154 144264618
1155 72442611
1156 167996854
1157 246342186
1158 263631511
1159 18465160
1160 156922331
1161 81310562
1162 89008584
1163 82688375
1164 248351094
1165 205758795
1166 198505125
1167 214351792
1168 127384470
1169 43566698
1170 220358133
1171 253437758
1172 7674260
1173 241011265
1174 54456452
1175 241438477
1176 119682303
1177 241219285
1178 230478364
1179 768527
1180 107651299
1181 150417071
1182 157936742
1183 232570269
1184 247567465
1185 217198824
1186 226827932
1187 124226891
1188 85601352
1189 190690886
1190 10732729
1191 186272471
1192 79878474
1193 255251719
1194 262386896
1195 41240274
1196 137496547
1197 219792483
1198 69776614
1199 105458372
1200 147530502
1201 109565023
1202 75991655
1203 214783013
1204 115384380
1205 35190874
1206 231350717
1207 52881303
1208 23020949
1209 128315176
1210 43414608
1211 178663303
1212 98394488
1213 267245403
1214 10803944
1215 5555087
1216 169186202
1217 196465094
1218 215948847
1219 5447480
1220 222072734
1221 221591604
1222 162488694
1223 232868420
1224 233117360
1225 23850080
1226 176679913
1227 2171088
1228 172764799
1229 94039525
1230 148238913
1231 133628017
1232 187057004
1233 36090743
1234 264163789
1235 195346660
1236 181805155
1237 199073657
1238 181811945
1239 179364892
1240 69235247
1241 214000723
1242 261112808
1243 175162377
1244 32574062
1245 151019586
1246 264400081
1247 55436427
1248 47562885
1249 183910148
1250 68603498
1251 187074860
1252 168544912
1253 239397059
1254 101654110
1255 36933683
1256 144189716
1257 253854074
1258 265773492
1259 64023388
1260 149988966
1261 71750
1262 91093649
1263 41669275
1264 223785155
1265 178916784
1266 60204995
1267 192022924
1268 168134254
1269 243532423
1270 26619246
1271 234561813
1272 239563487
1273 26630905
1274 211094688
1275 234878591
1276 193280663
1277 176731210
1278 45700576
1279 56881291
1280 133195442
1281 218010625
1282 87435286
1283 173917163
1284 219903976
1285 156970105
1286 231570350
1287 15592286
1288 150913169
1289 88253574
1290 248403003
1291 18698485
1292 63239875
1293 49763220
1294 125839184
1295 248506997
1296 261924074
1297 135166362
1298 21171599
1299 45645717
1300 201706036
1301 66876267
1302 261451423
1303 31679553
1304 200953661
1305 78845700
1306 187796100
1307 261905209
1308 1141725
1309 47546620
1310 27327666
1311 222747888
1312 264270589
1313 138854276
1314 21954713
1315 136825931
1316 110156694
1317 133251318
1318 36725477
1319 209687555
1320 89615698
1321 37694728
1322 193180450
1323 154259396
1324 211357189
1325 250454564
1326 266604664
1327 11308727
1328 24285245
1329 139242918
1330 241236300
1331 243082855
1332 160122417
1333 239124021
1334 93441340
1335 10461285
1336 259554971
1337 94454774
1338 243428940
1339 17208072
1340 78219409
1341 117405385
1342 197449625
1343 146247547
1344 255353579
1345 25304611
1346 178271365
1347 154033762
1348 6813959
1349 225819110
1350 144625893
1351 66404114
1352 202822790
1353 96964145
1354 103608435
1355 31457565
1356 19654755
1357 132724640
1358 153843740
1359 88020065
1360 160221539
1361 40338298
1362 52355113
1363 90443585
1364 185637589
1365 142581620
1366 91706977
1367 95915320
1368 8480709
1369 147982820
1370 35643465
1371 158662060
1372 237115047
1373 121722682
1374 255115071
1375 242023521
1376 234574822
1377 179905909
1378 155597184
1379 192475259
1380 221110426
1381 147131083
1382 231473011
1383 77196915
1384 238676901
1385 92888414
1386 61796332
1387 28182652
1388 46320695
1389 58616157
1390 105208238
1391 89130569
1392 224013987
1393 118438582
1394 18812626
1395 29981855
1396 261380214
1397 89834712
1398 51918544
1399 219343371
1400 174593754
1401 227680824
1402 42368791
1403 167600371
1404 45267460
1405 58345848
1406 56021816
1407 124992976
1408 38856285
1409 176804260
1410 203450180
1411 230865541
1412 132078257
1413 36221941
1414 144781775
1415 53933396
1416 76500581
1417 149716936
1418 56684313
1419 75727504
1420 138035852
1421 42232792
1422 76812080
1423 77143482
1424 182295165
1425 193616845
1426 244548816
1427 251831702
1428 195747362
1429 229468126
1430 35555846
1431 255214875
1432 220837724
1433 123728081
1434 239600285
1435 107377618
1436 84322911
1437 53848607
1438 211936532
1439 31891639
1440 158250656
1441 11156047
1442 162917288
1443 145102275
1444 59147878
1445 226785997
1446 119542325
1447 124944688
1448 163813515
1449 11341045
1450 221836356
1451 229603759
1452 208090272
1453 8472822
1454 213688576
1455 1382135
1456 87254569
1457 27541557
1458 246767855
1459 5169659
1460 52585335
1461 120314806
1462 236254287
1463 232526569
1464 253824230
1465 148229625
1466 242796722
1467 177455954
1468 219909955
1469 19321101
1470 114507920
1471 170609572
1472 235927405
1473 104080211
1474 226572887
1475 24337126
1476 25715538
1477 50742705
1478 127479059
1479 159315309
1480 217113654
1481 137565793
1482 119442643
1483 162206780
1484 1902419
1485 52673803
1486 95725930
1487 214005815
1488 246824038
1489 68839127
1490 109596316
1491 104925585
1492 72293863
1493 247470229
1494 188843643
1495 64965488
1496 117480990
1497 107633942
1498 52518300
1499 257509998
1500 28379422
1501 171756953
1502 216106110
1503 19206584
1504 209785526
1505 168760227
1506 53624586
1507 167270885
1508 178604925
1509 254844585
1510 116422646
1511 6535604
1512 221062555
1513 209425428
1514 247052677
1515 6609251
1516 54329781
1517 126563886
1518 193553291
1519 257042607
1520 246481615
1521 202438272
1522 173316453
1523 121346680
1524 215687678
1525 255488430
1526 197863185
1527 92868779
1528 48520965
1529 53312690
1530 258281494
1531 146455174
1532 24644857
1533 201100302
1534 90170472
1535 72459422
1536 118677782
1537 19432961
1538 175905946
1539 76852558
1540 76776329
1541 81257312
1542 71403469
1543 71212415
1544 77267323
1545 113331397
1546 151090415
1547 100286863
1548 180764536
1549 220648225
1550 47231898
1551 197117098
1552 7791144
1553 186986035
1554 5958337
1555 77507345
1556 4686587
1557 114704112
1558 115688574
1559 187833417
1560 99147462
1561 74993427
1562 247948638
1563 81988354
1564 146363587
1565 234821568
1566 154754037
1567 67177046
1568 15085448
1569 218260665
1570 256416692
1571 185446494
1572 153863897
1573 25970814
1574 160948812
1575 82320274
1576 24791707
1577 210419234
1578 198790815
1579 67511185
1580 149014853
1581 71314524
1582 240340852
1583 5682895
1584 250019651
1585 150847095
1586 131961604
1587 224275654
1588 152138798
1589 142134698
1590 127913443
1591 54077094
1592 22090675
1593 196672538
1594 253656781
1595 119929011
1596 180154906
1597 89059799
1598 92299468
1599 237566597
1600 104033386
1601 55179987
1602 135038447
1603 22165808
1604 7721638
1605 111377296
1606 143459878
1607 135439400
1608 754922
1609 227656596
1610 222264172
1611 32074422
1612 106660075
1613 48940151
1614 184143401
1615 43564217
1616 221023087
1617 256534217
1618 248353509
1619 100025498
1620 164269140
1621 153047750
1622 244168941
1623 182678415
1624 185697379
1625 224790361
1626 203845502
1627 24803642
1628 105922867
1629 221329407
1630 208010025
1631 21740704
1632 171698893
1633 55495676
1634 165164782
1635 178903326
1636 124273355
1637 60039333
1638 173552692
1639 66029037
1640 94838580
1641 226151474
1642 241301116
1643 35819129
1644 143630789
1645 123590168
1646 268017363
1647 249066611
1648 9269189
1649 141644831
1650 215160392
1651 39705057
1652 61207635
1653 4733071
1654 236637253
1655 48975240
1656 123296771
1657 211348220
1658 163698668
1659 86112741
1660 60419462
1661 65958155
1662 9713282
1663 131955652
1664 9893058
1665 108543509
1666 174221308
1667 98432080
1668 108573881
1669 263914088
1670 66927088
1671 150439270
1672 85433564
1673 219915112
1674 171422501
1675 205796559
1676 242377478
1677 260403247
1678 193828550
1679 123292228
1680 21161279
1681 217371729
1682 90754416
1683 84523150
1684 143765285
1685 36430491
1686 90892736
1687 244044633
1688 243941392
1689 90388943
1690 138682350
1691 83602704
1692 117509263
1693 178720348
1694 255517103
1695 52526003
1696 241551106
1697 63915003
1698 218957967
1699 145572957
1700 202544884
1701 192519798
1702 267446155
1703 75129319
1704 166359661
1705 97001346
1706 104983245
1707 7921319
1708 206300192
1709 208610552
1710 153948702
1711 207278570
1712 110161615
1713 134710372
1714 78160186
1715 169677313
1716 28397441
1717 74630680
1718 132198152
1719 71384262
1720 144313443
1721 232735158
1722 233090090
1723 90194325
1724 163536277
1725 240604329
1726 158610687
1727 194877111
1728 5373439
1729 136058311
1730 21213942
1731 26468124
1732 251990698
1733 78350820
1734 93859695
1735 86864393
1736 160887888
1737 40144907
1738 202206286
1739 93434886
1740 8275968
1741 155074512
1742 177041090
1743 252434629
1744 134481344
1745 188899577
1746 235054506
1747 142576254
1748 120136078
1749 178287472
1750 209441175
1751 4783610
1752 14657717
1753 212799368
1754 251626569
1755 237536961
1756 211705557
1757 61922100
1758 131310789
1759 7219209
1760 129942152
1761 266667043
1762 212910299
1763 62500537
1764 83647931
1765 235282319
1766 200026552
1767 185274769
1768 139193308
1769 129521272
1770 45434647
1771 155240103
1772 83288845
1773 30290571
1774 154262114
1775 154963385
1776 141734022
1777 257711061
1778 27984714
1779 220870116
1780 266161370
1781 87680351
1782 200241114
1783 184811220
1784 12184394
1785 36482447
1786 266222997
1787 21116404
1788 195876689
1789 170667500
1790 87496538
1791 163421774
1792 179374828
1793 154577748
1794 100916411
1795 50181556
1796 237730836
1797 120477069
1798 101341893
1799 177714778
1800 25225769
1801 25342879
1802 85833282
1803 229177352
1804 173182329
1805 100154296
1806 43961049
1807 130097653
1808 36733408
1809 249566760
1810 25899761
1811 9528644
1812 263597793
1813 213645396
1814 109691588
1815 80715855
1816 128734669
1817 107696005
1818 107503392
1819 219235990
1820 123078349
1821 52940383
1822 213421090
1823 1625068
1824 148970939
1825 79268530
1826 194275467
1827 116368683
1828 171795961
1829 266937021
1830 213389563
1831 124609914
1832 61345880
1833 226958553
1834 205667856
1835 191346245
1836 252308712
1837 238616080
1838 6717097
1839 102751506
1840 251962047
1841 186035319
1842 159030050
1843 32842962
1844 177095354
1845 12039221
1846 129435719
1847 234671332
1848 219074546
1849 81040728
1850 207558698
1851 246444636
1852 223002471
1853 223645647
1854 72843035
1855 163471562
1856 213993932
1857 259052626
1858 219674929
1859 236829160
1860 41920712
1861 204928984
1862 223549132
1863 175542147
1864 219890318
1865 92413813
1866 142670826
1867 42443466
1868 71535674
1869 139713090
1870 97001921
1871 186900252
1872 50528945
1873 88778238
1874 92053690
1875 214390250
1876 213462388
1877 126954215
1878 166682468
1879 165250250
1880 188458100
1881 25885080
1882 248127124
1883 75368694
1884 45911486
1885 141452066
1886 12720053
1887 72722
1888 131698011
1889 105917666
1890 37473876
1891 209869417
1892 218418797
1893 69309577
1894 166122030
1895 95802970
1896 133270687
1897 57651503
1898 121951992
1899 235510052
1900 12093285
1901 52345885
1902 107539049
1903 204843882
1904 150619440
1905 184558645
1906 95273482
1907 44558599
1908 142254548
1909 216442142
1910 127683027
1911 190750087
1912 235119338
1913 94160630
1914 44629299
1915 204912818
1916 189266712
1917 93802467
1918 87555970
1919 158783807
1920 73437703
1921 50286488
1922 6296890
1923 103722468
1924 92794848
1925 86268454
1926 171478374
1927 159308331
1928 15298052
1929 230231948
1930 234277609
1931 260787278
1932 35349316
1933 102655641
1934 190304698
1935 15572258
1936 119186757
1937 259319912
1938 215007623
1939 259990466
1940 257857737
1941 167970940
1942 70218435
1943 7595250
1944 7072260
1945 184832715
1946 67235906
1947 31364488
1948 13492004
1949 157099082
1950 221221583
1951 136607400
1952 223551115
1953 208548427
1954 237945387
1955 217875351
1956 101697741
1957 184454630
1958 255179167
1959 206099836
1960 27403547
1961 121054512
1962 187831574
1963 96543064
1964 161017374
1965 94557203
1966 172060427
1967 183353035
1968 10333734
1969 229499891
1970 49360576
1971 182108119
1972 147619424
1973 151323801
1974 148608305
1975 268162490
1976 195543597
1977 231997346
1978 55170009
1979 18763433
1980 79227959
1981 13186097
1982 166402217
1983 140505385
1984 52047403
1985 268019011
1986 89804008
1987 121517873
1988 156643174
1989 176268890
1990 266373038
1991 257891806
1992 112136032
1993 182082593
1994 187127654
1995 18243000
1996 63402687
1997 17030018
1998 235925334
1999 96566684
2000 31222348
