0 7
1 1448767836
2 193084067
3 121270825
4 615074422
5 252907673
6 118711148
7 259519379
8 641890829
9 2134044726
10 879831378
11 60051744
12 1004443984
13 58900644
14 68337313
15 13699834
16 70705414
17 1400083043
18 588075406
19 155224958
20 141921967
21 259304047
22 82064945
23 152002958
24 1795249526
25 1125608417
26 127927673
27 127007083
28 169729740
29 927219036
30 113192716
31 1288773291
32 153647484
33 199845868
34 98264354
35 712512127
36 1896443752
37 957411027
38 768699765
39 11991204
40 378150615
41 395845828
42 87864937
43 134301175
44 178045825
45 161510762
46 1221419043
47 620491148
48 266486785
49 248612186
50 229496460
51 244635808
52 251038682
53 123554385
54 159701440
55 674026000
56 14454638
57 1304070882
58 25310085
59 92859586
60 233248069
61 55454229
62 800469197
63 64730384
64 72763163
65 643650580
66 1718536439
67 139753218
68 10174218
69 1851612071
70 89804541
71 80399682
72 727379399
73 466813332
74 1600366591
75 620910331
76 260866840
77 1225693879
78 1097696276
79 1644197288
80 41677488
81 232838827
82 225321467
83 151615866
84 176864814
85 525344487
86 92848094
87 163116741
88 159168710
89 37402305
90 244224538
91 45674465
92 1460857973
93 140665727
94 107905597
95 52714102
96 683627742
97 259348588
98 162852597
99 174275897
100 2058684487
101 1986638453
102 987927698
103 1477627488
104 172864743
105 1401546698
106 993213385
107 68222013
108 470933957
109 258981761
110 101316280
111 185559566
112 141736406
113 115076578
114 163502862
115 268345725
116 609028918
117 27384355
118 133960029
119 882060104
120 211015332
121 200185921
122 263422848
123 1859587817
124 233103218
125 1076343185
126 695848764
127 143599480
128 1801277457
129 1880651761
130 116284540
131 203437823
132 613964171
133 105973949
134 243224146
135 111071763
136 103234228
137 102634829
138 1698473990
139 1410889415
140 50686305
141 1188042465
142 1148230007
143 174756872
144 67694533
145 2111705873
146 1385724299
147 263935603
148 233246703
149 410735869
150 85579584
151 1473160298
152 112414540
153 94077120
154 59900983
155 64553534
156 293480471
157 1008003883
158 213181083
159 145196838
160 200559114
161 112017997
162 133419972
163 2065973025
164 249702576
165 822949636
166 1091883932
167 209565840
168 54658678
169 81465236
170 919881373
171 179699974
172 99803365
173 266419719
174 126763356
175 1412857168
176 246688230
177 129282293
178 794475270
179 56337203
180 26632983
181 628063277
182 844805274
183 252510707
184 177976548
185 230926870
186 77975017
187 194988729
188 28095853
189 774487622
190 69704726
191 676694603
192 155102153
193 103218373
194 192053353
195 75031971
196 229574705
197 149823677
198 2122502582
199 151158468
200 1889325243
201 84681339
202 830793363
203 792343680
204 198333632
205 203448942
206 772236683
207 24223361
208 1808217196
209 805956569
210 142616417
211 782955128
212 68100886
213 1532377537
214 102489751
215 27584200
216 239841439
217 1095111606
218 1131117498
219 209912206
220 20576120
221 599692692
222 109008058
223 71131172
224 1684714056
225 203780365
226 129622880
227 129578234
228 165451027
229 334281975
230 257834293
231 512103944
232 26984767
233 173499482
234 196711001
235 1230938732
236 165193404
237 191378504
238 214818730
239 263868104
240 1791148182
241 593909
242 170357956
243 247705485
244 130419507
245 1342087556
246 116094494
247 130113270
248 71599693
249 1804988685
250 1597999911
251 39585456
252 1234356301
253 1394878196
254 836455720
255 74916812
256 349040148
257 128314846
258 2054663801
259 9683175
260 40104252
261 1982165751
262 183851498
263 241811009
264 259688755
265 161648978
266 38565547
267 1538865098
268 8201352
269 2136631996
270 733236905
271 157670362
272 221395553
273 1980821746
274 984306288
275 279631077
276 212916016
277 242993641
278 1910713508
279 16438395
280 31560247
281 1017884800
282 33001709
283 62687688
284 1553485377
285 740166985
286 46611588
287 17180128
288 959748683
289 328057222
290 80596227
291 255005766
292 127555199
293 93788771
294 249237752
295 83219574
296 243530563
297 161144033
298 23982021
299 171263691
300 156545497
301 18204486
302 1768852130
303 76889744
304 1321890604
305 182644664
306 217416879
307 134776713
308 34703192
309 1258533676
310 147889450
311 1176819764
312 167230787
313 224772266
314 744825941
315 812353931
316 650705936
317 49133129
318 189817456
319 1283895377
320 1875316415
321 631597848
322 180953860
323 1950602997
324 225620754
325 1811624200
326 56854182
327 200377000
328 1228527714
329 129722564
330 11313438
331 566039362
332 163287313
333 365805041
334 878642374
335 184968622
336 1399789149
337 1690209802
338 195253877
339 80488978
340 80759805
341 212820828
342 1237811377
343 339687418
344 194144898
345 267717747
346 763382899
347 1519653106
348 57028937
349 35925140
350 119799923
351 22436738
352 702770669
353 1053625844
354 141447374
355 83210222
356 233669893
357 223745704
358 27679516
359 226964363
360 253475566
361 880880277
362 202930721
363 515754778
364 56354551
365 212421635
366 252977705
367 1684039490
368 938173749
369 257628029
370 236971407
371 3956801
372 347038801
373 2143169783
374 96119259
375 1809863114
376 149674913
377 1029098934
378 4674496
379 195366922
380 137195563
381 187069294
382 1762709842
383 758896455
384 179164565
385 1844077300
386 1712460632
387 343232726
388 318424077
389 208059023
390 1512264637
391 15228092
392 12685943
393 67682116
394 1753869881
395 1684192318
396 5160426
397 94437304
398 263759617
399 76173981
400 85679684
401 1346736666
402 203104040
403 1497904398
404 1987747245
405 263354946
406 1043124178
407 62279210
408 786422769
409 302987286
410 2113461797
411 48270253
412 1873298090
413 177490097
414 1684677965
415 98771525
416 134408404
417 115942196
418 73000332
419 173976172
420 206107259
421 1680987909
422 70774700
423 130518225
424 33264243
425 104957831
426 741459185
427 83964831
428 164207003
429 99816406
430 512204869
431 868625687
432 66242362
433 225419791
434 449964553
435 197471031
436 217592226
437 1235774068
438 150846184
439 772056098
440 67162196
441 646318122
442 171836898
443 110585079
444 1265497531
445 120651518
446 222335025
447 232969885
448 197279589
449 49650894
450 245638050
451 248716305
452 240594517
453 126885981
454 758668534
455 237293856
456 192498304
457 1756225698
458 26027091
459 1331026283
460 1956510140
461 647112228
462 162149315
463 39506874
464 146260501
465 1159053156
466 29157050
467 1531903883
468 1426093784
469 123756824
470 259523095
471 193246104
472 2042972902
473 239000633
474 1369343944
475 140063685
476 145191552
477 11899267
478 75962422
479 257419400
480 179262839
481 192387349
482 6306898
483 117507501
484 1927663683
485 1315858505
486 87594936
487 11858509
488 218220414
489 901776571
490 177603982
491 117893366
492 1483501125
493 8310886
494 28912526
495 213658554
496 89179420
497 1724287862
498 149166211
499 220316550
500 95331884
501 111989747
502 1286667891
503 18664204
504 1358719144
505 36710096
506 217092536
507 133579049
508 21759126
509 1852530583
510 383350737
511 248965708
512 67891057
513 1383755804
514 1139320987
515 69523107
516 1936964974
517 253209233
518 1519729362
519 2065407617
520 27986400
521 261758305
522 54823294
523 198178327
524 121508590
525 1046891718
526 1463329449
527 132774500
528 51613423
529 252370650
530 2093909054
531 202206375
532 56257620
533 117815679
534 220446319
535 19398745
536 169711419
537 227093149
538 198879006
539 201517581
540 79506846
541 9714844
542 895540233
543 251827511
544 235676637
545 116030321
546 65966950
547 2066426359
548 25894086
549 218233929
550 110566997
551 113505653
552 40532635
553 2041043602
554 66542922
555 249101518
556 959901199
557 606828672
558 740240415
559 1960020
560 75875252
561 736323447
562 49294869
563 158790820
564 1430368521
565 111352151
566 221135058
567 237044895
568 195642649
569 80570888
570 924611792
571 152141946
572 122273675
573 1977920386
574 86291898
575 215057650
576 766869561
577 132926810
578 181981707
579 39706059
580 39952973
581 97269148
582 187057083
583 1377063024
584 232535251
585 109575755
586 1807758503
587 124408723
588 705934443
589 221267965
590 1200533963
591 235610846
592 160448322
593 176102404
594 30651942
595 617737096
596 1155079295
597 394221904
598 55623008
599 1502780661
600 1359584718
601 158847081
602 77841338
603 213536677
604 60003010
605 64890844
606 130679428
607 194675990
608 82933950
609 950829553
610 149851841
611 728653338
612 288269614
613 1636157549
614 74120332
615 380645671
616 71612647
617 86321242
618 278903517
619 1049670288
620 926227227
621 29018123
622 141091040
623 29174164
624 1385487836
625 208473091
626 133329169
627 607587215
628 2125300068
629 169962164
630 109157280
631 1595999874
632 248951060
633 138944702
634 238589668
635 7065408
636 666551332
637 1689127060
638 877425232
639 56557873
640 98226594
641 1788793902
642 356382185
643 964387597
644 142436055
645 257168218
646 165809833
647 5700261
648 409992720
649 55802808
650 64113597
651 88960025
652 264079566
653 905975840
654 72774187
655 2113859663
656 69307354
657 28972242
658 170925500
659 207783467
660 99949960
661 43583492
662 873488154
663 263244511
664 223197291
665 199581587
666 17699086
667 1060402152
668 105754479
669 100234117
670 853381087
671 90121094
672 288179058
673 700662747
674 65684058
675 105511051
676 95748965
677 251478137
678 1000189973
679 1222463873
680 197556527
681 1095193375
682 1743191668
683 58875155
684 109534545
685 305300753
686 132396305
687 206181522
688 178360194
689 1901053362
690 1726319917
691 184951039
692 201244590
693 106208879
694 252756239
695 1169132078
696 147032541
697 249319350
698 109785858
699 331491792
700 43932997
701 356410808
702 1446288098
703 159778884
704 2116799806
705 1712761683
706 748254239
707 707373038
708 1607352552
709 121021143
710 114848357
711 2062366167
712 1926227369
713 268056759
714 1349593196
715 1693796073
716 33947406
717 1289457069
718 419090937
719 31574181
720 1746957920
721 243450819
722 1681134144
723 9727584
724 1143325352
725 96779481
726 961635102
727 1876516321
728 900721409
729 53116228
730 81055610
731 214997560
732 92703088
733 223331866
734 1722372251
735 722069485
736 237753465
737 1924878760
738 33321292
739 229210794
740 79107794
741 108854341
742 584678994
743 244049100
744 233145471
745 94691822
746 1400953943
747 139324860
748 27627376
749 123856756
750 1630305876
751 579818169
752 227351402
753 2070550602
754 1569355177
755 1096997391
756 1830468099
757 1217752989
758 187846203
759 965558625
760 924442336
761 267831452
762 1847164100
763 57572662
764 2103770073
765 312946655
766 1303548533
767 93646408
768 1487703077
769 204082144
770 579844429
771 1703346318
772 241538824
773 981365627
774 128224155
775 20273838
776 2141315923
777 189243617
778 1130590732
779 218849684
780 132939551
781 1824587398
782 220107818
783 150582361
784 365685367
785 203277583
786 941742398
787 2126794633
788 218066251
789 32507554
790 1479348571
791 962420313
792 170158349
793 771654374
794 54123086
795 246352534
796 40327858
797 451356445
798 165537916
799 1283907250
800 1393033748
801 228796605
802 127588181
803 102432411
804 104202120
805 66905249
806 323162549
807 1972995497
808 261315997
809 6988917
810 185127647
811 217856693
812 112170464
813 267146499
814 1286507479
815 1131437564
816 227691896
817 897826936
818 927317475
819 1408128522
820 105532850
821 99397967
822 552381923
823 14100760
824 266443756
825 173581855
826 1206352145
827 2134027228
828 244781881
829 248294922
830 172572144
831 112516845
832 107242534
833 1685412882
834 29515628
835 177397512
836 231852928
837 229468850
838 1548771349
839 789390531
840 1875941653
841 755664231
842 312832393
843 220770337
844 15662840
845 1907310690
846 259047826
847 182164830
848 84283800
849 20799823
850 88924647
851 976574338
852 1345481078
853 659070844
854 23436693
855 96729808
856 202746874
857 62264401
858 161871875
859 1237355121
860 1657121746
861 95016321
862 1065684353
863 155059745
864 239578186
865 107775400
866 633645756
867 1436084301
868 252507718
869 81295944
870 250316403
871 947248521
872 31514744
873 1011223351
874 634886293
875 71686536
876 263973942
877 31125430
878 28210734
879 1306166926
880 124014384
881 178102074
882 433874508
883 1504648293
884 662735596
885 143119198
886 166604323
887 130577252
888 117084152
889 48228733
890 197934048
891 231090571
892 19233787
893 94183113
894 1814806252
895 252913746
896 872174576
897 124507804
898 191816312
899 133745263
900 266388344
901 11505971
902 206600506
903 1177247139
904 167321934
905 1639900743
906 53288539
907 604231955
908 802499968
909 125544171
910 815498913
911 1636700722
912 955091588
913 36930326
914 29001942
915 1016671003
916 550646014
917 1626083525
918 46341488
919 161126873
920 216277880
921 1797714489
922 231476062
923 935690337
924 1003075004
925 134780513
926 547815470
927 584213749
928 1962099807
929 22205493
930 1636583393
931 135185512
932 30628699
933 1586518785
934 1226130778
935 98721994
936 41607717
937 199806777
938 258888267
939 1229712873
940 165627031
941 26665843
942 143383555
943 232747061
944 26234959
945 139069981
946 171378911
947 335423390
948 2052272066
949 181028099
950 72669186
951 2055694901
952 2136340290
953 171046051
954 10009246
955 111159608
956 1303434494
957 1067575359
958 1087810036
959 122009831
960 197402465
961 42516134
962 1020975541
963 1931074106
964 677240296
965 37197241
966 135190518
967 111930911
968 151772380
969 1904096165
970 135371434
971 1712316601
972 118415870
973 83122570
974 49782002
975 1244676474
976 174349606
977 155039778
978 260639750
979 756787548
980 1479043109
981 140415066
982 62551848
983 803470325
984 89969038
985 2103495960
986 1568655296
987 126188189
988 223578502
989 508602473
990 1966629187
991 129588086
992 1872247178
993 35069291
994 35027916
995 124014544
996 147374503
997 157752544
998 1511122951
999 371244026
1000 1326274794
1001 186020096
1002 438043824
1003 594722359
1004 1703911750
1005 60572222
1006 73086150
1007 1888958935
1008 567142943
1009 223172306
1010 87153942
1011 590398562
1012 1059818081
1013 62328203
1014 1028887680
1015 655639321
1016 133925480
1017 1707001524
1018 128307157
1019 255396324
1020 32286005
1021 265583097
1022 217774039
1023 102902487
1024 123345190
1025 320989796
1026 203498813
1027 257703556
1028 2098541010
1029 31176840
1030 89411551
1031 333033012
1032 182171482
1033 531755836
1034 45021259
1035 1998875165
1036 24605337
1037 250085080
1038 198727939
1039 59352845
1040 234460882
1041 224121733
1042 38685156
1043 145990557
1044 231864314
1045 45575558
1046 444491612
1047 1185787855
1048 67812883
1049 1782525567
1050 27417471
1051 173533884
1052 994465055
1053 55983814
1054 94114163
1055 35686096
1056 85270493
1057 156095009
1058 130139213
1059 37172030
1060 1474502381
1061 251892288
1062 318678686
1063 282348934
1064 188157501
1065 255663070
1066 52326189
1067 141369607
1068 1294879311
1069 518518817
1070 5368072
1071 308292388
1072 636416463
1073 1617739707
1074 1122498302
1075 224484667
1076 147527146
1077 1336171749
1078 26183054
1079 12188237
1080 78553708
1081 1226043882
1082 210797398
1083 30332561
1084 234831525
1085 1297823175
1086 175819305
1087 493819220
1088 23335240
1089 1674016653
1090 1274428939
1091 179149750
1092 173330430
1093 17788665
1094 2092885444
1095 157509339
1096 7162381
1097 246293397
1098 1646476546
1099 61444379
1100 534526942
1101 527755656
1102 1903584572
1103 10952830
1104 1258798372
1105 50857765
1106 633322945
1107 1832278221
1108 336121437
1109 117084328
1110 1910553439
1111 113480502
1112 1789524225
1113 23074083
1114 1534760775
1115 238064746
1116 163058368
1117 1575339912
1118 1994031313
1119 2130058133
1120 1798892621
1121 105495821
1122 1675380
1123 2129900567
1124 24398218
1125 2029919320
1126 1118361794
1127 61745389
1128 192968358
1129 151882441
1130 152900899
1131 1414336317
1132 510277661
1133 135934438
1134 1045733583
1135 185810952
1136 218728994
1137 66269163
1138 198129104
1139 353734173
1140 82869667
1141 122988237
1142 171765935
1143 145729927
1144 1101577079
1145 2065136912
1146 633212943
1147 249490952
1148 217109419
1149 178952191
1150 10260385
1151 201786875
1152 114996760
1153 457252124
1154 613980642
1155 1833594652
1156 103720564
1157 251847422
1158 617573827
1159 97640435
1160 2030773156
1161 1056861476
1162 227974344
1163 178904785
1164 78260799
1165 150390805
1166 79387723
1167 141887445
1168 1548348607
1169 152338207
1170 912009677
1171 213064623
1172 148491090
1173 695625554
1174 1409337992
1175 93367318
1176 61232213
1177 446017236
1178 100961727
1179 193488302
1180 2407146
1181 500164827
1182 91221616
1183 542065227
1184 15128940
1185 1766242425
1186 126037404
1187 139209061
1188 564375824
1189 32554943
1190 198222848
1191 85206387
1192 259202365
1193 1649401808
1194 216934841
1195 132243537
1196 1033348246
1197 2059267911
1198 1511002300
1199 99901744
1200 79106224
1201 218830247
1202 680128805
1203 17359497
1204 1705315768
1205 1727090580
1206 1049558230
1207 223164961
1208 1471150809
1209 38764703
1210 2066922033
1211 752169946
1212 223632201
1213 187025267
1214 136429562
1215 26326128
1216 1620009692
1217 226232815
1218 195653702
1219 86429744
1220 37416744
1221 1509983772
1222 1525725751
1223 263550293
1224 872514647
1225 196311910
1226 428061867
1227 1038604553
1228 162497006
1229 907658323
1230 1551510723
1231 2632254
1232 116826743
1233 189910249
1234 275915872
1235 204763020
1236 994542004
1237 828295886
1238 292951749
1239 244527945
1240 188006779
1241 96229312
1242 1983645543
1243 31186025
1244 135134736
1245 894783411
1246 1145555337
1247 1923998901
1248 40267759
1249 1634768126
1250 1253998416
1251 813616760
1252 33196818
1253 69727411
1254 62192737
1255 457518562
1256 141951729
1257 255937607
1258 45863618
1259 130118782
1260 1285455377
1261 1415866308
1262 81839570
1263 1893534072
1264 118970095
1265 85304162
1266 256225647
1267 446981481
1268 207505133
1269 1923763338
1270 1210463456
1271 227021888
1272 615293157
1273 885221536
1274 778587690
1275 168247021
1276 1140687285
1277 1721259306
1278 133241465
1279 1178807486
1280 56662769
1281 1543807943
1282 120020715
1283 104328323
1284 180633670
1285 549753998
1286 917487014
1287 218364784
1288 854295027
1289 18601982
1290 146056056
1291 800994
1292 963625268
1293 227997777
1294 233395674
1295 246496753
1296 171706953
1297 206922995
1298 1424457308
1299 622196397
1300 1858528327
1301 626757447
1302 6954049
1303 1081769961
1304 48384711
1305 742858713
1306 138775404
1307 1950053979
1308 207871569
1309 200849529
1310 205002586
1311 287409026
1312 490238488
1313 999732875
1314 269535657
1315 82086140
1316 243296877
1317 354527557
1318 39569677
1319 1954555559
1320 11712070
1321 140583901
1322 1247706493
1323 151571155
1324 1451682204
1325 111059090
1326 185253369
1327 653776102
1328 1798520649
1329 55407215
1330 14061702
1331 237308877
1332 1632011885
1333 229822871
1334 562416687
1335 1714901934
1336 456593673
1337 171095
1338 1355844924
1339 93184032
1340 26291559
1341 42464391
1342 210263958
1343 93126661
1344 78903626
1345 3535952
1346 1491358106
1347 1848586202
1348 58328343
1349 1742510413
1350 34596913
1351 97640391
1352 273552103
1353 36492582
1354 1483067569
1355 696733266
1356 129975926
1357 35727616
1358 1846359653
1359 1255180409
1360 1386048228
1361 942724992
1362 198367853
1363 120133048
1364 2102585367
1365 77188865
1366 59408801
1367 184069120
1368 29941566
1369 266072390
1370 1783464846
1371 742315372
1372 230959598
1373 2110247352
1374 1899234857
1375 238695020
1376 18184146
1377 1668620737
1378 56417648
1379 257441831
1380 180144291
1381 854312878
1382 296096145
1383 1843954160
1384 1845138436
1385 1266121690
1386 48460234
1387 16731407
1388 54557922
1389 154832027
1390 237564910
1391 99186746
1392 81033226
1393 124239583
1394 225056345
1395 235429379
1396 537380146
1397 208846309
1398 1442403337
1399 1969495534
1400 191358011
1401 72726182
1402 1061115883
1403 1838196662
1404 1807277256
1405 246215600
1406 2141968358
1407 251257643
1408 397314941
1409 1504975534
1410 186882897
1411 121674363
1412 1944897402
1413 8046126
1414 2111537160
1415 255996840
1416 139709342
1417 159634527
1418 2143916612
1419 233615565
1420 632324734
1421 96394649
1422 181695942
1423 68222105
1424 194834578
1425 852670922
1426 4718861
1427 1640410535
1428 154124776
1429 65520456
1430 1366711335
1431 242885244
1432 96503588
1433 211037588
1434 176953750
1435 308363847
1436 1423638636
1437 2145631903
1438 169013069
1439 1658921862
1440 1731574209
1441 112870967
1442 475005698
1443 112151460
1444 242291802
1445 99940313
1446 172936941
1447 1180181982
1448 908261176
1449 1869191310
1450 192832000
1451 712059390
1452 70094687
1453 199132027
1454 51082880
1455 144245937
1456 80954356
1457 80924973
1458 188029773
1459 92027270
1460 94071338
1461 1917916949
1462 112373536
1463 34371927
1464 29303041
1465 72116001
1466 2057438328
1467 83602286
1468 1505908333
1469 105521053
1470 1313449120
1471 214355047
1472 419532795
1473 1642270329
1474 412010649
1475 62071921
1476 40910735
1477 1652578455
1478 169809879
1479 758258411
1480 68923076
1481 159065103
1482 622164936
1483 579409763
1484 8993604
1485 186713466
1486 44555232
1487 1915465769
1488 59886833
1489 2085705570
1490 102632806
1491 244922127
1492 130048818
1493 1801005173
1494 131990705
1495 2136973227
1496 1655377832
1497 62704670
1498 914867908
1499 435250487
1500 40630765
1501 184576792
1502 158108682
1503 281322609
1504 1616682224
1505 197188817
1506 51348357
1507 27948356
1508 240445429
1509 88827381
1510 172372479
1511 244673982
1512 1527467746
1513 234638418
1514 473392418
1515 177802790
1516 161793836
1517 37339949
1518 193714955
1519 27541202
1520 131611377
1521 134921588
1522 222593196
1523 924183005
1524 252275811
1525 1946382457
1526 843745979
1527 2116462198
1528 1826902866
1529 1721632719
1530 49341851
1531 1671862735
1532 58472835
1533 134152837
1534 103142442
1535 192783545
1536 205160781
1537 26619254
1538 1107217967
1539 246405367
1540 167478039
1541 263183376
1542 651579665
1543 115310744
1544 1917959999
1545 283685881
1546 1108170173
1547 205191015
1548 43700759
1549 801432881
1550 34182420
1551 18033018
1552 42924556
1553 550300485
1554 132438490
1555 2098609779
1556 108381441
1557 1656498030
1558 1536091238
1559 690967911
1560 67592076
1561 233614787
1562 151146779
1563 131985208
1564 1427315094
1565 212347582
1566 440399569
1567 125956417
1568 6851386
1569 248366475
1570 127349357
1571 30109771
1572 134445548
1573 337272806
1574 191434352
1575 187330446
1576 497495745
1577 145829760
1578 77218702
1579 187057484
1580 29895352
1581 1897394878
1582 96446886
1583 71442675
1584 936764214
1585 4653725
1586 244950131
1587 743452724
1588 203712173
1589 227942954
1590 1446204
1591 1076742459
1592 305232167
1593 1538998594
1594 223458573
1595 403049608
1596 1021672517
1597 84257141
1598 107497488
1599 1809812288
1600 161105340
1601 1767260102
1602 2261172
1603 217783696
1604 205699031
1605 854837817
1606 253919860
1607 262459774
1608 14862446
1609 508061001
1610 1074934419
1611 1384249651
1612 1857250350
1613 262135738
1614 155534201
1615 21486498
1616 57303789
1617 221191791
1618 47854530
1619 103710843
1620 94222785
1621 57798985
1622 810459930
1623 1474773946
1624 197067399
1625 245220622
1626 125575668
1627 1464291251
1628 72611371
1629 74761779
1630 263170390
1631 978632901
1632 36001364
1633 10603864
1634 123806237
1635 208538423
1636 189257427
1637 435131432
1638 197871709
1639 158766906
1640 83240692
1641 435512891
1642 1665043624
1643 135834186
1644 242754777
1645 94050247
1646 1729346305
1647 1966340786
1648 1589694177
1649 1293479194
1650 1253318297
1651 825954374
1652 105144328
1653 95952707
1654 496673824
1655 961369218
1656 210465441
1657 989214022
1658 1533430110
1659 248919221
1660 214341646
1661 193971333
1662 118450085
1663 1711993991
1664 1545419207
1665 88584027
1666 86704809
1667 980136245
1668 257179406
1669 212954213
1670 237065333
1671 20865491
1672 213726396
1673 895044401
1674 204453249
1675 77579700
1676 783748105
1677 918221163
1678 148546596
1679 375378286
1680 138726654
1681 2021271499
1682 171371596
1683 74584120
1684 1536163155
1685 1816601392
1686 81933286
1687 1003727135
1688 900696412
1689 428692990
1690 897522409
1691 30969564
1692 64961969
1693 22027647
1694 1488975381
1695 1037226110
1696 931968190
1697 490765497
1698 118861512
1699 908963017
1700 220382307
1701 59464704
1702 163747271
1703 39309680
1704 132149490
1705 244866507
1706 851923598
1707 12513167
1708 588250653
1709 1693688641
1710 656045950
1711 30861217
1712 59990033
1713 217051350
1714 109063154
1715 16270203
1716 167569836
1717 1961058042
1718 119637798
1719 1313486757
1720 43622581
1721 273365129
1722 1989376363
1723 106331413
1724 658263625
1725 1381691475
1726 118858192
1727 98763715
1728 106325738
1729 1081230318
1730 9922799
1731 237551885
1732 231574174
1733 64385432
1734 89686454
1735 31820521
1736 314014654
1737 56915146
1738 105747391
1739 122848628
1740 63528108
1741 132091634
1742 213367139
1743 233024772
1744 232155353
1745 1526094504
1746 212789701
1747 227672024
1748 23618402
1749 306839750
1750 145067558
1751 1155590530
1752 65519989
1753 1313364127
1754 1349684844
1755 228352048
1756 56314869
1757 42620459
1758 1286912952
1759 236113133
1760 94038928
1761 1469832357
1762 72541591
1763 1096924309
1764 1852357305
1765 2143748814
1766 449059695
1767 91109459
1768 1078712126
1769 76480693
1770 1245666827
1771 228907248
1772 14959687
1773 612416150
1774 8181237
1775 1142538064
1776 38753002
1777 166770597
1778 130801542
1779 1709324864
1780 232672867
1781 175720881
1782 183233851
1783 178098799
1784 879344656
1785 75335435
1786 1762583872
1787 154986028
1788 10785089
1789 1388256125
1790 1360660643
1791 677047757
1792 184709564
1793 75849857
1794 1716966519
1795 184001419
1796 197114211
1797 1733000
1798 622839854
1799 1323826311
1800 109995308
1801 1283137452
1802 108654606
1803 175513963
1804 85067742
1805 1347841926
1806 671616072
1807 92923034
1808 1924289323
1809 69774424
1810 1603250505
1811 2481715
1812 1688442263
1813 60865774
1814 815049707
1815 214472462
1816 541863225
1817 122687057
1818 228955332
1819 227260476
1820 93013785
1821 878157388
1822 230101054
1823 325422836
1824 1921837938
1825 1345116748
1826 869257173
1827 2061177903
1828 642473283
1829 265812721
1830 241068348
1831 242148818
1832 21477716
1833 138030264
1834 258387670
1835 1561430904
1836 127284998
1837 27850669
1838 7422564
1839 42698626
1840 640556486
1841 1287576625
1842 635383424
1843 2114632589
1844 2118459775
1845 735727641
1846 426966757
1847 1989578027
1848 1358218039
1849 266844103
1850 33720216
1851 147219658
1852 81619803
1853 194602917
1854 1256109087
1855 1423612441
1856 1428790135
1857 713943235
1858 1110971807
1859 208836237
1860 371434200
1861 255934976
1862 40681159
1863 697158325
1864 1890780376
1865 10970230
1866 184825135
1867 255533442
1868 110888201
1869 439882978
1870 1153218627
1871 234455852
1872 1240731769
1873 73488764
1874 272823979
1875 1394478476
1876 1792960311
1877 70865124
1878 21366898
1879 748370445
1880 1337741814
1881 2045268743
1882 118536227
1883 2138712743
1884 322422343
1885 1460738515
1886 34367231
1887 1435969001
1888 1275905959
1889 1670041665
1890 2071405062
1891 152436465
1892 124070804
1893 116315707
1894 16717607
1895 957760213
1896 156076792
1897 603018224
1898 1689344629
1899 123616435
1900 1732343329
1901 40835275
1902 2033827309
1903 174848351
1904 948005359
1905 248835179
1906 7554185
1907 17954566
1908 182672151
1909 238554231
1910 14315133
1911 197469683
1912 220881339
1913 255934956
1914 223136327
1915 1915049825
1916 199570128
1917 293832697
1918 120233134
1919 465529046
1920 222658948
1921 1510796014
1922 875049958
1923 1528675855
1924 1826318705
1925 113317688
1926 205926470
1927 59279997
1928 35215842
1929 53300625
1930 19783949
1931 142960632
1932 73084603
1933 70805414
1934 57976823
1935 1051778251
1936 253667656
1937 136960087
1938 391571193
1939 231152390
1940 243166423
1941 182683301
1942 168558439
1943 101435463
1944 131496541
1945 1558325052
1946 260842429
1947 241821484
1948 268398982
1949 196966173
1950 153970454
1951 132317799
1952 1436619676
1953 1993195387
1954 603925373
1955 257062367
1956 206084511
1957 203244575
1958 58413393
1959 1826634451
1960 258368572
1961 178424138
1962 1427006404
1963 1233073059
1964 89314168
1965 284525139
1966 713450565
1967 1659412155
1968 234902481
1969 906674495
1970 1155315999
1971 1824678002
1972 219172487
1973 223108565
1974 87748551
1975 923868429
1976 10078954
1977 195402399
1978 123977644
1979 1638266696
1980 67683128
1981 150261016
1982 168528173
1983 191766956
1984 419816158
1985 1405208380
1986 154463946
1987 191067304
1988 1232009046
1989 118865718
1990 1890184248
1991 61156387
1992 77500868
1993 18319201
1994 127126075
1995 213794716
1996 1660888536
1997 353018999
1998 245027300
1999 246100502
2000 74293124
