0 8
1 142508942
2 191398394
3 115525682
4 245469640
5 229206120
6 253454908
7 122767437
8 63251965
9 84423363
10 206357690
11 263787134
12 208726589
13 2731536
14 169680709
15 89044105
16 257053235
17 206195593
18 166472423
19 61254457
20 201229817
21 161329690
22 218914905
23 221845304
24 974936932
25 98743094
26 18146819
27 28447284
28 28615679
29 49612112
30 167371149
31 99965850
32 105829777
33 19669155
34 86560819
35 156371214
36 73031498
37 43439423
38 75289647
39 97153236
40 45991542
41 116709824
42 114951911
43 140801002
44 185712048
45 112296740
46 41049385
47 199561063
48 189527852
49 208020712
50 69261357
51 213559864
52 198291243
53 47630792
54 8676545
55 20893687
56 165808491
57 167000424
58 236976140
59 1787495
60 1522793323
61 20455444
62 161790441
63 26211985
64 102944182
65 229300231
66 249106051
67 133367313
68 211529725
69 135573043
70 252204909
71 236321799
72 242266809
73 126758658
74 249708699
75 85521674
76 121616164
77 78020232
78 224784996
79 171215569
80 267435128
81 106841073
82 81739557
83 53136465
84 3331912
85 76526038
86 220676496
87 172120359
88 57684454
89 247069115
90 15169569
91 13412642
92 102899341
93 218608158
94 197805192
95 416024925
96 137123913
97 24560402
98 107838659
99 109209103
100 231389693
101 265807855
102 214112353
103 2023470375
104 58468554
105 54653616
106 95579170
107 58001710
108 223254914
109 32191788
110 251629692
111 61394711
112 237602272
113 143031168
114 34252863
115 92315688
116 149278114
117 177147874
118 191124101
119 131454987
120 119768432
121 74513259
122 215826445
123 221421995
124 256319019
125 218074490
126 72764918
127 178888959
128 155685520
129 53107189
130 48637677
131 134145298
132 140833425
133 114434610
134 229767428
135 84492971
136 212673881
137 54548704
138 582013
139 142492832
140 169090690
141 81159564
142 56281306
143 36683847
144 151365721
145 99362370
146 265776114
147 94503202
148 150103509
149 205640352
150 155048536
151 212608716
152 114936473
153 240880701
154 163051956
155 160169702
156 57907294
157 107908448
158 35504044
159 227669173
160 104010025
161 30546721
162 221307409
163 51077356
164 242509575
165 171500479
166 196424982
167 101960918
168 236554167
169 256816775
170 74564202
171 92260250
172 33224935
173 62843920
174 59613879
175 15870687
176 261805537
177 27451132
178 6174643
179 225409276
180 65297913
181 201422614
182 220677751
183 197437201
184 197253130
185 79038157
186 52630501
187 121526937
188 80726803
189 31248261
190 2073638170
191 28424661
192 266264790
193 185156341
194 200018880
195 215596356
196 268209963
197 190264862
198 58242952
199 99495672
200 23585661
201 126429092
202 105222829
203 213108142
204 192372288
205 179886548
206 155816104
207 187114948
208 193222463
209 149521745
210 183444265
211 256575969
212 113882413
213 94528899
214 111732860
215 199835464
216 199444383
217 97462332
218 17861387
219 193938634
220 268216707
221 198107272
222 226226464
223 126872787
224 45240761
225 19982376
226 179314282
227 162300498
228 213650001
229 74791626
230 1557391
231 27042646
232 203204589
233 90632170
234 248192966
235 113196204
236 934994000
237 122008972
238 228586768
239 83665887
240 120077008
241 30631119
242 164928558
243 24838721
244 62222319
245 66901693
246 142271166
247 28002538
248 48923109
249 185708913
250 148651370
251 60740606
252 231509954
253 165076823
254 1408944
255 229372526
256 43028333
257 124529155
258 120086819
259 185854606
260 52452892
261 177157023
262 204736234
263 101227153
264 1245137772
265 177908569
266 174233406
267 1029650
268 141094864
269 120497716
270 85717138
271 79994205
272 24485638
273 139898941
274 175842415
275 31110234
276 124771555
277 127643544
278 112975006
279 250288668
280 94744795
281 91765805
282 201096582
283 82687379
284 266280551
285 181768091
286 217340832
287 225172842
288 88369099
289 140982314
290 211780542
291 135709898
292 33569688
293 218116461
294 1946997
295 56199476
296 236610044
297 73269375
298 143133321
299 224663698
300 229734848
301 137458331
302 242838620
303 4394148
304 253412600
305 119980192
306 142733226
307 119980076
308 186650698
309 210530073
310 119703879
311 160152336
312 187625039
313 214940462
314 140630750
315 1938292442
316 161925379
317 3225785
318 225718661
319 173777124
320 61950187
321 255517500
322 119725683
323 208079156
324 75328929
325 128789644
326 6530243
327 167851403
328 154933969
329 183272106
330 240274571
331 264632099
332 17539942
333 159538862
334 186138494
335 108322796
336 210475775
337 73897555
338 263011204
339 139955280
340 15855281
341 64846371
342 12189220
343 128860183
344 1579856352
345 22414891
346 59718153
347 206076288
348 18743069
349 20852019
350 65440567
351 243428129
352 92757661
353 14877118
354 86846678
355 259802557
356 257771816
357 45468384
358 148943270
359 50521696
360 123893616
361 193324448
362 972197495
363 179344349
364 206074096
365 237533799
366 66088603
367 185223006
368 77586871
369 23134608
370 246477230
371 197009293
372 23827877
373 125929387
374 102687348
375 241433150
376 116193866
377 8432163
378 8500903
379 205556653
380 221302186
381 51389635
382 116567946
383 112725461
384 222789293
385 161122234
386 101662315
387 36466938
388 223903180
389 47461178
390 210964432
391 80037533
392 24762320
393 182497605
394 99753253
395 72132388
396 109625685
397 182582652
398 183093493
399 94786083
400 91606605
401 21556608
402 20211292
403 194070644
404 165415935
405 33539893
406 63531436
407 195496436
408 166260273
409 87513286
410 132791532
411 49375611
412 160538888
413 221361089
414 135281993
415 150026013
416 216858007
417 51746555
418 79559937
419 218793725
420 40670205
421 91641613
422 150992284
423 49084090
424 245354493
425 255881861
426 127177585
427 5092071
428 99866934
429 40868998
430 30188759
431 50601753
432 104732352
433 83682554
434 224931287
435 244555420
436 104231926
437 165350328
438 237682914
439 164943403
440 131488616
441 19298086
442 257501319
443 213477411
444 123667607
445 27342540
446 38762153
447 126109524
448 210699933
449 1980611091
450 101298024
451 163178476
452 93609582
453 229680487
454 173867705
455 146914554
456 256393969
457 31947447
458 21070627
459 34246189
460 79012224
461 151820982
462 22486145
463 9290178
464 60267914
465 103764628
466 93506285
467 267944052
468 79349653
469 159982030
470 263567405
471 248337819
472 34498329
473 131120212
474 213990053
475 197833791
476 158942634
477 21602591
478 83368723
479 31842644
480 196346755
481 215705
482 119525842
483 217156759
484 64571190
485 113570354
486 100935547
487 217421391
488 255512858
489 171914007
490 4172475
491 153677040
492 108587085
493 109550830
494 12160793
495 38057396
496 242476208
497 139943863
498 149258050
499 38533365
500 65339281
501 114049338
502 150236811
503 123691576
504 120773099
505 158831406
506 196432688
507 114801397
508 106546900
509 151216817
510 100807026
511 56054215
512 219734267
513 148310609
514 838987432
515 142044548
516 191084763
517 54392440
518 78833602
519 107537336
520 2752167
521 255458897
522 8923613
523 58587073
524 265610442
525 28837115
526 51540339
527 167708894
528 95035236
529 217425922
530 88204325
531 94616633
532 22242204
533 235291990
534 38145891
535 229309511
536 252451690
537 18901589
538 243316831
539 192362062
540 125304453
541 141157698
542 211119634
543 77196480
544 15698315
545 138439573
546 12352463
547 112104467
548 218278248
549 260732434
550 15886433
551 194917568
552 241701567
553 46562047
554 151396852
555 130727774
556 52752720
557 51429335
558 35411891
559 145981931
560 256105501
561 116242639
562 93348215
563 68652460
564 45653829
565 176672895
566 798083227
567 227975484
568 1318384868
569 26396921
570 114948147
571 17532720
572 192303800
573 197959482
574 207692781
575 105876281
576 234690767
577 20882067
578 167112585
579 255914116
580 182956725
581 58096567
582 90843405
583 147456629
584 47044239
585 152600892
586 89330100
587 109642626
588 46886002
589 65507457
590 24081790
591 97764813
592 209164284
593 248615716
594 216296243
595 198757666
596 24824834
597 128177880
598 230112956
599 658202864
600 148106678
601 82416382
602 142035550
603 181488593
604 148356116
605 17490631
606 139595351
607 211308465
608 65385619
609 204659835
610 76901132
611 144265514
612 142830513
613 152631144
614 171272702
615 56856891
616 40911908
617 265844490
618 257174802
619 168113209
620 196480925
621 172346040
622 37799606
623 162588874
624 85133174
625 56848009
626 9442908
627 172495735
628 110441306
629 173758590
630 218380358
631 154335778
632 149533296
633 74908943
634 66532170
635 87307666
636 48708019
637 235004322
638 40452442
639 246000163
640 218571316
641 233413461
642 22546575
643 51982845
644 28900753
645 110204549
646 179984827
647 40278869
648 44398830
649 197787929
650 258360914
651 216822626
652 133590041
653 157953327
654 223676408
655 69216950
656 164635907
657 234485884
658 109691369
659 94743398
660 255560493
661 150343987
662 147536008
663 177573566
664 65008575
665 197004547
666 133382213
667 186219237
668 154783166
669 214747005
670 80441479
671 199659155
672 117008553
673 190956894
674 64568482
675 25657644
676 81163377
677 53856737
678 5378772
679 87503109
680 202316093
681 267755102
682 207432938
683 11619654
684 56946207
685 94973807
686 164189412
687 223099153
688 164867868
689 234667728
690 123371532
691 75874993
692 228071247
693 105023212
694 100730808
695 193400463
696 40674320
697 117955233
698 106778616
699 28615015
700 86447384
701 95109526
702 62655050
703 98314571
704 198555
705 76305727
706 229629030
707 162344563
708 253597413
709 233155903
710 194084144
711 156432832
712 182922184
713 201555631
714 14614771
715 600155464
716 133671716
717 25924824
718 194058441
719 267117046
720 118685547
721 87203685
722 228568257
723 223172728
724 119374361
725 29018204
726 150350871
727 9687454
728 101935184
729 121336507
730 260784414
731 47726880
732 47928344
733 40035278
734 217430915
735 110755793
736 28567068
737 18800028
738 31089695
739 42766884
740 258862428
741 183404899
742 97954572
743 143020680
744 146805861
745 266095558
746 92320100
747 148668474
748 62340883
749 125349937
750 105035114
751 17809193
752 268421453
753 1859809
754 92307359
755 210612154
756 77657201
757 215969087
758 263158719
759 252094773
760 236086480
761 105548370
762 123458426
763 245108199
764 103546622
765 61552338
766 135305986
767 34255805
768 78825683
769 62705102
770 262741461
771 113403957
772 128925788
773 76546067
774 89196884
775 57150253
776 218546217
777 68480954
778 134307514
779 208711414
780 159808408
781 137268015
782 200555645
783 142006102
784 145233532
785 257560944
786 2102105573
787 155156276
788 189912660
789 133089259
790 127461519
791 218080292
792 239761149
793 30702556
794 85288241
795 41459065
796 211218996
797 98934030
798 148803840
799 61354096
800 58388696
801 190099487
802 26026978
803 258574076
804 13648734
805 236990116
806 155792902
807 209416093
808 114163562
809 164639965
810 208089424
811 57327057
812 57575391
813 208527206
814 186100555
815 241007845
816 43507310
817 134824937
818 74528828
819 123937153
820 128807880
821 71191491
822 152360201
823 126177421
824 184952794
825 1129017
826 206394415
827 28345320
828 73623014
829 183901130
830 201465307
831 33718060
832 116034948
833 192760048
834 41259489
835 200789887
836 156012767
837 114954849
838 4016839
839 94853851
840 8081220
841 89384360
842 256945949
843 230991210
844 227289566
845 68468673
846 62299295
847 28282267
848 239932795
849 191878543
850 158991863
851 47604401
852 225230277
853 111684227
854 98728398
855 64088994
856 250096651
857 250946131
858 208380284
859 178091333
860 106460770
861 134969847
862 252640411
863 195552785
864 143017393
865 123441798
866 121322409
867 103596489
868 165436452
869 175890477
870 8883842
871 131996872
872 146528068
873 32158568
874 223168480
875 50046623
876 86226726
877 44219770
878 43549962
879 225830867
880 230296862
881 59884180
882 81874123
883 142483283
884 56973789
885 98320148
886 210707923
887 66532982
888 251298675
889 191460918
890 127384851
891 92942250
892 202949402
893 127299394
894 268223612
895 248835572
896 16872824
897 57777199
898 220795868
899 188768256
900 263027532
901 235513429
902 218968598
903 117089869
904 188796512
905 94902411
906 167790961
907 118038571
908 252736698
909 76147263
910 35947476
911 93540216
912 153221648
913 89623823
914 4239262
915 44678546
916 23258816
917 255279705
918 206338558
919 117021085
920 237634808
921 252876701
922 223757273
923 57925774
924 265037371
925 15563260
926 153493511
927 171351539
928 189573295
929 98018058
930 45395144
931 19709161
932 12486047
933 199560483
934 216084915
935 5640790
936 125764319
937 114484772
938 164678681
939 175194603
940 20628004
941 257777434
942 52766676
943 4005886
944 201377812
945 72087718
946 22345682
947 110240824
948 13185392
949 59383902
950 168767783
951 192138799
952 247815380
953 224332416
954 66834976
955 208612909
956 169177018
957 67989884
958 70973264
959 8529246
960 212675859
961 139980332
962 263646652
963 146967526
964 165220626
965 113158919
966 110910409
967 78117326
968 44287829
969 89790313
970 90600189
971 203243874
972 251916591
973 78189356
974 17745785
975 153329790
976 105485679
977 213854972
978 67462983
979 30175934
980 117336866
981 137517122
982 49906405
983 231845137
984 14113624
985 130488273
986 218354787
987 71697783
988 33924042
989 119665523
990 58275414
991 133197005
992 40005763
993 5655859
994 197711566
995 253453979
996 144665826
997 13583940
998 172613080
999 259947622
1000 206485451
1001 93440866
1002 62763068
1003 85740063
1004 135987841
1005 60882930
1006 261195745
1007 252258116
1008 245553057
1009 42817497
1010 216836527
1011 166519281
1012 98505592
1013 100556339
1014 73622554
1015 93906046
1016 255941135
1017 102620437
1018 180916412
1019 67831713
1020 160970074
1021 227641369
1022 57351433
1023 739083162
1024 101502948
1025 168860270
1026 39617704
1027 233298654
1028 262164608
1029 82231841
1030 138607797
1031 1709803101
1032 90728330
1033 36020641
1034 122320387
1035 89719527
1036 251757023
1037 135314689
1038 63975460
1039 110039846
1040 165750940
1041 167059753
1042 172733219
1043 144361628
1044 104844140
1045 183394377
1046 151854777
1047 61213632
1048 169748345
1049 237879954
1050 122580125
1051 239487496
1052 235503730
1053 207822577
1054 160140868
1055 89578945
1056 108045118
1057 180434094
1058 10954654
1059 127212849
1060 2306481
1061 123897475
1062 30474082
1063 45496552
1064 28083174
1065 164320372
1066 58577944
1067 226448613
1068 193568013
1069 266366892
1070 7299904
1071 191710898
1072 48643454
1073 187267308
1074 111837245
1075 113523302
1076 180689903
1077 94895163
1078 228685640
1079 4902622
1080 43729023
1081 262221818
1082 21345332
1083 265339359
1084 151334939
1085 41272692
1086 18441691
1087 249371763
1088 188921051
1089 28468593
1090 81419672
1091 188817977
1092 268020795
1093 256207974
1094 150196401
1095 243074829
1096 151990366
1097 223742240
1098 47088936
1099 192563029
1100 233526155
1101 170317814
1102 224167329
1103 8703354
1104 76273256
1105 245402412
1106 233091808
1107 8460260
1108 113781102
1109 127479511
1110 4125992
1111 135319741
1112 177492089
1113 134898661
1114 138119125
1115 114217078
1116 151673382
1117 68529745
1118 5890127
1119 89562586
1120 263023213
1121 115301309
1122 162465910
1123 162899929
1124 148641821
1125 250836835
1126 152597854
1127 230958858
1128 189881272
1129 235447713
1130 46930649
1131 58312589
1132 17178408
1133 13541431
1134 31620344
1135 2097582112
1136 51411223
1137 209765460
1138 122116696
1139 192003319
1140 204843844
1141 1556635208
1142 9044227
1143 55269601
1144 178406572
1145 129364170
1146 233062282
1147 113809781
1148 100664758
1149 233635230
1150 62939781
1151 63438713
1152 129416961
1153 38582390
1154 75132406
1155 267100649
1156 191973079
1157 189272697
1158 89241855
1159 261795967
1160 221142673
1161 144815852
1162 1739205441
1163 266015421
1164 16776104
1165 71779426
1166 182812528
1167 111167432
1168 201845571
1169 65389052
1170 257855090
1171 198859291
1172 208999725
1173 263978084
1174 219610111
1175 29498538
1176 53121445
1177 155665169
1178 13421169
1179 195770440
1180 69835233
1181 83578971
1182 77840381
1183 51645944
1184 126224273
1185 155815269
1186 74904601
1187 147627694
1188 77008107
1189 208043028
1190 195507694
1191 266799873
1192 107782418
1193 107451260
1194 36440413
1195 230738354
1196 98474649
1197 84897278
1198 159257217
1199 1379954949
1200 152352668
1201 60777238
1202 257151444
1203 64989777
1204 103819497
1205 72784174
1206 179888623
1207 148531529
1208 253261789
1209 77923907
1210 27011243
1211 60773409
1212 107239164
1213 249815488
1214 96127232
1215 167892573
1216 54563605
1217 223240066
1218 165173291
1219 186343848
1220 153380326
1221 69591590
1222 40064305
1223 51426992
1224 246415788
1225 25197454
1226 111188546
1227 250827920
1228 206629868
1229 76464417
1230 213578756
1231 37537692
1232 225855620
1233 138023036
1234 167834518
1235 171584151
1236 181796830
1237 224027221
1238 184436851
1239 36467370
1240 51474595
1241 132139660
1242 107069088
1243 807338551
1244 159339436
1245 190603906
1246 137585877
1247 261000278
1248 140128079
1249 229509456
1250 40186607
1251 48729243
1252 255915337
1253 199966940
1254 165820683
1255 204835929
1256 261072908
1257 71199652
1258 81455889
1259 16194377
1260 105537938
1261 266640429
1262 188065743
1263 97175750
1264 84006832
1265 35775584
1266 51647456
1267 19702180
1268 155963216
1269 257481521
1270 24197728
1271 255007022
1272 91763073
1273 256171631
1274 71805062
1275 157417221
1276 233489704
1277 37385235
1278 8551888
1279 59947895
1280 171462905
1281 67538889
1282 81027270
1283 142622241
1284 247217474
1285 91145480
1286 238281474
1287 3855184
1288 262044527
1289 157883757
1290 49977031
1291 52897639
1292 247211235
1293 89756206
1294 33487260
1295 170094621
1296 169389196
1297 218223651
1298 206508902
1299 57627258
1300 27712078
1301 533274
1302 141180357
1303 166964881
1304 84684304
1305 119823102
1306 81884086
1307 138331094
1308 89447366
1309 74689530
1310 163282652
1311 29409473
1312 50305505
1313 174524726
1314 46790643
1315 202072372
1316 227375134
1317 113118592
1318 1366532061
1319 2344805
1320 122689665
1321 83706436
1322 70376669
1323 176088176
1324 207521109
1325 39105323
1326 138962905
1327 253499750
1328 123978569
1329 150448806
1330 51498228
1331 99341526
1332 143754985
1333 49966495
1334 179489233
1335 111247294
1336 159520229
1337 263183663
1338 39426539
1339 90179739
1340 120122729
1341 135879857
1342 180051011
1343 38396307
1344 9913519
1345 712120
1346 207090185
1347 207347696
1348 11905586
1349 202671107
1350 247892914
1351 125403745
1352 69760168
1353 211448711
1354 228480081
1355 203087875
1356 33118223
1357 118933442
1358 153528366
1359 254362110
1360 6122613
1361 113092606
1362 218563947
1363 183816760
1364 204477113
1365 38586394
1366 207964519
1367 154861444
1368 152669861
1369 7719339
1370 248193194
1371 126133597
1372 59564516
1373 76174813
1374 210656905
1375 7045352
1376 247596434
1377 4011264
1378 245012704
1379 255986451
1380 214153211
1381 70639360
1382 37068003
1383 174500922
1384 262467704
1385 198279102
1386 78394131
1387 237773713
1388 5843008
1389 11171274
1390 157748226
1391 163265655
1392 249828839
1393 76132224
1394 223026826
1395 82820595
1396 166278057
1397 248732296
1398 36435367
1399 105271021
1400 131131004
1401 82938307
1402 153660736
1403 176339310
1404 94528089
1405 124201313
1406 11265038
1407 79299207
1408 94836910
1409 117942547
1410 223031648
1411 236290632
1412 138243543
1413 186570202
1414 57303501
1415 136163157
1416 9669889
1417 51128958
1418 114834037
1419 100862828
1420 624071542
1421 153410949
1422 49538920
1423 107090391
1424 138263536
1425 19180215
1426 244968504
1427 98186536
1428 198508030
1429 48528797
1430 232912030
1431 155015534
1432 244838119
1433 19211223
1434 234644131
1435 27915061
1436 221111681
1437 228839313
1438 125060191
1439 170841016
1440 84843034
1441 256390360
1442 38094060
1443 185250348
1444 74932934
1445 85228887
1446 96137843
1447 226556092
1448 11747052
1449 131438749
1450 247401423
1451 162688401
1452 222508589
1453 123081690
1454 1170698530
1455 268173409
1456 203574051
1457 188061354
1458 216792248
1459 48325637
1460 86938067
1461 10163114
1462 237540055
1463 102548786
1464 54085019
1465 68680749
1466 172279827
1467 5935040
1468 44390695
1469 160092104
1470 229590128
1471 73301509
1472 120738615
1473 75779294
1474 93017778
1475 124474456
1476 60947584
1477 89738144
1478 87323479
1479 28234218
1480 43499901
1481 189378951
1482 183101475
1483 260193145
1484 43790090
1485 129854109
1486 48922934
1487 171484398
1488 181424821
1489 12960857
1490 216763076
1491 227900865
1492 11463091
1493 232865858
1494 1913921667
1495 200172496
1496 225735206
1497 98426982
1498 214340842
1499 155887003
1500 70116610
1501 217806116
1502 189277116
1503 125400115
1504 118084527
1505 236183435
1506 248570457
1507 80924362
1508 265482087
1509 116307646
1510 224256562
1511 243473231
1512 257514432
1513 73170627
1514 225438710
1515 56582261
1516 232822175
1517 151482945
1518 133023677
1519 33895885
1520 217635003
1521 214327654
1522 267446853
1523 100991213
1524 241938487
1525 196574748
1526 48775894
1527 42748758
1528 91008884
1529 25066701
1530 124683199
1531 195094233
1532 264868508
1533 183796254
1534 131002929
1535 244388505
1536 224552688
1537 131720079
1538 213826241
1539 142544008
1540 109931603
1541 105195994
1542 226646695
1543 18790302
1544 62872713
1545 240701588
1546 248908459
1547 74094120
1548 173352708
1549 141102415
1550 18538487
1551 24551917
1552 167581226
1553 219605036
1554 249675031
1555 124097375
1556 50994212
1557 102788693
1558 260857893
1559 207293632
1560 170659867
1561 38263957
1562 113978571
1563 227442202
1564 140316001
1565 55260712
1566 172842915
1567 48994080
1568 127689011
1569 11950003
1570 61426759
1571 73710605
1572 32601442
1573 34211936
1574 21029709
1575 78703806
1576 180954822
1577 78614214
1578 684162
1579 192193653
1580 143844068
1581 99348430
1582 188200959
1583 119153602
1584 203726626
1585 156565711
1586 58446466
1587 163243585
1588 174293768
1589 106495509
1590 243457806
1591 227443258
1592 108260313
1593 199139186
1594 221125603
1595 157254379
1596 110554810
1597 23637628
1598 137151102
1599 27509691
1600 118926475
1601 60075716
1602 229315626
1603 106917706
1604 9057124
1605 18129964
1606 213222054
1607 218665027
1608 66919639
1609 62152041
1610 265862394
1611 134703340
1612 85663808
1613 204790250
1614 161419265
1615 188261234
1616 120047601
1617 90258244
1618 262283792
1619 254210663
1620 131637582
1621 263698120
1622 128349313
1623 78176063
1624 67887424
1625 198116603
1626 191407681
1627 174495458
1628 236961924
1629 112959513
1630 260061830
1631 50854252
1632 145642028
1633 253976239
1634 161492721
1635 104251842
1636 816333707
1637 191060394
1638 262877540
1639 41467309
1640 186398837
1641 1864778716
1642 61846400
1643 90873130
1644 244223544
1645 100876620
1646 179607218
1647 110486144
1648 90105184
1649 88185049
1650 85029432
1651 69549585
1652 199605210
1653 45787308
1654 263877007
1655 250140091
1656 136954598
1657 219316454
1658 220279047
1659 183093311
1660 225144343
1661 26647365
1662 90348089
1663 238670534
1664 209230966
1665 254373552
1666 144614023
1667 163995618
1668 75247985
1669 2527344
1670 254282532
1671 169769358
1672 214743078
1673 183234410
1674 152811296
1675 138934005
1676 53111119
1677 41587703
1678 14296765
1679 36614008
1680 224122472
1681 175704746
1682 135827913
1683 242111553
1684 85275851
1685 66630462
1686 122064551
1687 230923921
1688 42195463
1689 56238581
1690 220018593
1691 212598084
1692 86316105
1693 193793634
1694 176338682
1695 244997538
1696 216763856
1697 37453102
1698 39890507
1699 212587210
1700 29496999
1701 227586502
1702 107734415
1703 171348949
1704 168377663
1705 200536722
1706 104105495
1707 167644094
1708 236126589
1709 25350776
1710 93351972
1711 26885934
1712 234490675
1713 244255794
1714 127276791
1715 191930833
1716 218759452
1717 252612436
1718 239519255
1719 87481503
1720 947223138
1721 193337705
1722 10080607
1723 114289548
1724 240299832
1725 141132198
1726 65263881
1727 30700337
1728 92436684
1729 259568567
1730 109863055
1731 41861682
1732 17265238
1733 75972086
1734 190752816
1735 119639411
1736 125137657
1737 73623755
1738 190733194
1739 95092592
1740 149711490
1741 227071566
1742 140683574
1743 45613178
1744 55409796
1745 209360748
1746 20767757
1747 1709337288
1748 59369041
1749 9648545
1750 261690088
1751 80735638
1752 53523451
1753 210244438
1754 225300657
1755 281873925
1756 131749575
1757 195194075
1758 93460789
1759 134547344
1760 238650947
1761 227953737
1762 171884421
1763 190430824
1764 99263114
1765 111087006
1766 210379964
1767 244271386
1768 262586207
1769 180083729
1770 138426347
1771 184158677
1772 110180835
1773 112624665
1774 106698641
1775 173930214
1776 97103354
1777 204742533
1778 22483356
1779 206372267
1780 35773173
1781 169369075
1782 81949464
1783 218586290
1784 68985256
1785 110018968
1786 90463809
1787 5626532
1788 122678348
1789 158104242
1790 5071381
1791 157232882
1792 34995475
1793 223139378
1794 157550374
1795 56574051
1796 89515961
1797 67592893
1798 188494197
1799 106178689
1800 99813891
1801 256330905
1802 150526162
1803 152320399
1804 179968238
1805 15104172
1806 50923922
1807 247797878
1808 217069921
1809 55776091
1810 195900770
1811 255006750
1812 187014210
1813 177766741
1814 145446462
1815 182808724
1816 164781985
1817 160963841
1818 218924705
1819 188993133
1820 218875738
1821 43533388
1822 52756473
1823 67673486
1824 43864359
1825 65429898
1826 216585006
1827 126025422
1828 179501723
1829 1408587583
1830 246227008
1831 229159280
1832 207964782
1833 172833867
1834 117281945
1835 59273143
1836 100933078
1837 64039483
1838 49677619
1839 79431203
1840 136341815
1841 221218488
1842 106715859
1843 1491262858
1844 172138818
1845 248545495
1846 161757133
1847 211398677
1848 163489598
1849 151844550
1850 239893965
1851 210033658
1852 172100858
1853 193210889
1854 69738380
1855 213401282
1856 209132802
1857 236451940
1858 113464467
1859 142993313
1860 22421976
1861 9999674
1862 17356550
1863 205910476
1864 186048138
1865 1789699
1866 258131260
1867 32670857
1868 199560464
1869 18416217
1870 24375292
1871 196266733
1872 259708824
1873 39489793
1874 242954124
1875 262254208
1876 114667424
1877 2435673
1878 108677525
1879 17117914
1880 4264665
1881 227264744
1882 151366377
1883 189816192
1884 24228977
1885 8444761
1886 168166498
1887 168877408
1888 246697866
1889 188321331
1890 262733234
1891 55909694
1892 196870030
1893 260468049
1894 215750034
1895 134517034
1896 239803240
1897 190061295
1898 250036484
1899 247011207
1900 103153160
1901 61620110
1902 146878737
1903 69097878
1904 148430198
1905 25064530
1906 156858000
1907 165855855
1908 76284243
1909 12050826
1910 171373676
1911 241427253
1912 29020580
1913 12057017
1914 104849545
1915 242505262
1916 81321073
1917 49052714
1918 123908652
1919 212201900
1920 107248850
1921 5092511
1922 202961786
1923 149802935
1924 35417361
1925 12825275
1926 112354058
1927 76874111
1928 250181000
1929 98039402
1930 207814730
1931 31111150
1932 74902198
1933 257425800
1934 254124588
1935 159991042
1936 75706421
1937 230704808
1938 175394976
1939 240435723
1940 60496000
1941 698474280
1942 23210
1943 162215860
1944 159594305
1945 105671448
1946 259578299
1947 245179194
1948 185327728
1949 150714913
1950 7984885
1951 166605223
1952 76978177
1953 152671215
1954 133247767
1955 95849525
1956 150501152
1957 239169772
1958 121406921
1959 2926310
1960 257309671
1961 64605108
1962 131588066
1963 532840
1964 96861839
1965 133585603
1966 33977517
1967 128631272
1968 210465443
1969 54950882
1970 51659974
1971 196719611
1972 96271089
1973 74058921
1974 37184876
1975 123676616
1976 158170029
1977 146598365
1978 181409889
1979 18583373
1980 108767832
1981 71993885
1982 224192677
1983 102274649
1984 171389922
1985 264716405
1986 173129662
1987 100002775
1988 167226801
1989 135580803
1990 153892939
1991 93704048
1992 256816438
1993 207162736
1994 141511596
1995 11927009
1996 68617946
1997 252391739
1998 211261469
1999 60183522
2000 206070554
