0 5
1 796544043
2 1810356934
3 1196259721
4 658338384
5 1163323265
6 1828711689
7 639458672
8 1109374556
9 416816164
10 293060468
11 107623258
12 812059677
13 1677544893
14 1942304946
15 160037927
16 333988650
17 255020085
18 1377615222
19 1812952347
20 352004511
21 1689951719
22 1987845804
23 372651449
24 465050998
25 1967863309
26 2140478105
27 2089618782
28 1277958750
29 1914560613
30 656169158
31 2004353370
32 57720705
33 1198950512
34 852097213
35 1428854843
36 528017882
37 405008689
38 646947415
39 985109603
40 1085904369
41 1557735054
42 1610628753
43 435582742
44 30235237
45 1271947618
46 509647872
47 1589489847
48 368408767
49 446781773
50 1180915519
51 75121678
52 2102862530
53 883868735
54 1362873116
55 1500080270
56 1685547272
57 1965953744
58 581213989
59 1339444945
60 46539811
61 280764377
62 281607474
63 1364303215
64 818321145
65 2114044943
66 918516084
67 790425407
68 1891485673
69 1553415677
70 1939781764
71 1898873056
72 1655932332
73 1940692890
74 270438798
75 591373568
76 2019196446
77 684643464
78 288823277
79 1661318632
80 82613657
81 1300012827
82 1715391864
83 178231970
84 1996263778
85 325408961
86 1137895967
87 1750400774
88 203998697
89 1670059845
90 1139403338
91 386768838
92 1929602203
93 1331400011
94 54341325
95 1497311322
96 643228116
97 385604087
98 426997057
99 2135224862
100 913101344
101 642553592
102 400073136
103 123644500
104 248154210
105 626626776
106 625547447
107 1303427518
108 2009876699
109 268443728
110 1908555520
111 1252693689
112 1226350341
113 1340205644
114 1619017383
115 139623049
116 1585746730
117 713740845
118 1316139788
119 485542700
120 1557949767
121 1677396173
122 684246548
123 692376137
124 1573919372
125 467965781
126 1618020976
127 558525245
128 975669063
129 1996408860
130 2031374081
131 1840512331
132 1660544369
133 268803759
134 1273212095
135 616824507
136 1965880726
137 245345557
138 1833073213
139 901054901
140 961791533
141 730747436
142 2084752529
143 125877575
144 2042083026
145 27678245
146 919360021
147 1375900535
148 1755996230
149 2126361835
150 480516745
151 1508412524
152 332809152
153 1771365977
154 1004975042
155 1253632931
156 1454255653
157 1836486132
158 1171667394
159 1833553563
160 1692016152
161 1812901213
162 633899967
163 1675250982
164 394569873
165 168923093
166 1553899497
167 243231745
168 564154772
169 1567144472
170 529845698
171 1688506230
172 1842406854
173 377267593
174 1634944478
175 1681248161
176 337715656
177 1501329292
178 1033095081
179 967058388
180 1338465663
181 286187318
182 1783421084
183 215623918
184 85792379
185 688841799
186 241531869
187 1806497140
188 1870529314
189 968734946
190 408542269
191 37099936
192 197746020
193 111536402
194 180772885
195 1658000843
196 1662910913
197 135362666
198 183144979
199 296528377
200 1598779037
201 2106687415
202 1040365034
203 307384450
204 1523151329
205 1640966153
206 285935479
207 797024974
208 201621363
209 619234410
210 74813061
211 1989297462
212 1745039309
213 1104397158
214 1546780299
215 821998381
216 877007811
217 649192048
218 1251476709
219 504957791
220 230192653
221 732028546
222 1422977221
223 1217320275
224 1025818575
225 205916406
226 76793438
227 852477781
228 304834080
229 711750994
230 692884894
231 193095480
232 678747905
233 182840726
234 1793553543
235 1343045082
236 1821527764
237 560525956
238 1661555148
239 400306152
240 88386335
241 1253678942
242 1688535916
243 2020136688
244 1244740339
245 68784064
246 1097154573
247 1118501283
248 1862436936
249 769767371
250 925175623
251 727442170
252 51298713
253 562029256
254 741280771
255 1992678225
256 1221938279
257 176750588
258 1526906566
259 1618084052
260 874242548
261 2116534822
262 596966255
263 128060639
264 419595033
265 837255972
266 177193333
267 970169557
268 250794279
269 61904593
270 1432202414
271 1167401669
272 630465632
273 1511194442
274 1458910791
275 480258574
276 1164792838
277 778269277
278 271299154
279 1292534432
280 555499317
281 2100072343
282 1863750668
283 663952832
284 1704919891
285 71746005
286 970427569
287 1208036027
288 528515576
289 1801491093
290 1141586579
291 1891976048
292 1563275689
293 208616133
294 51058065
295 783597058
296 1501227170
297 83358229
298 1584433431
299 358649424
300 2126641765
301 1204254328
302 271532194
303 738053255
304 1650264432
305 299428916
306 1035556132
307 432150282
308 1817579102
309 109844760
310 260794789
311 175716193
312 1897675068
313 235259227
314 78512483
315 228368003
316 87423536
317 1453706463
318 2038558928
319 126887577
320 332304104
321 1952167853
322 1479377159
323 409132490
324 1761881444
325 1493550426
326 86873062
327 1530472724
328 1731472756
329 317800649
330 1415456934
331 2024469240
332 1894919831
333 1818831144
334 1281195096
335 1162481549
336 205308064
337 1409672052
338 771421448
339 795320822
340 824989354
341 315853872
342 1365763065
343 1482198398
344 2144733548
345 17032012
346 1312607128
347 2036143476
348 2003018307
349 1695719829
350 944839249
351 1096428646
352 1787614767
353 1083203686
354 1562173963
355 660833571
356 1908030388
357 101858561
358 1885858616
359 1992239618
360 143950516
361 666310375
362 1124020571
363 1277171922
364 1886757400
365 1696168819
366 2087871220
367 1548200243
368 445197742
369 1003048774
370 2058014517
371 835495792
372 1772228771
373 365918590
374 2062860084
375 1389661804
376 865031112
377 763985974
378 1233971443
379 892676396
380 534820712
381 1296874196
382 462595194
383 1969932092
384 294551008
385 175246266
386 1720161882
387 210486016
388 157067638
389 791993154
390 266519178
391 410096520
392 1148757572
393 378853364
394 1416688975
395 260933145
396 987680715
397 470981121
398 1128245530
399 1832250360
400 1622141901
401 1607739940
402 2059558252
403 1270736409
404 62750413
405 1304091222
406 1398462065
407 1325840184
408 801194755
409 1165330983
410 1977559416
411 515517372
412 1806578279
413 1209643931
414 457677203
415 629355695
416 303064701
417 670213093
418 1055657084
419 7794498
420 1623974668
421 803982301
422 673352729
423 1203311530
424 257729423
425 322524110
426 620472129
427 1303720340
428 1507295623
429 780742846
430 1958188074
431 1112193275
432 521319248
433 516378856
434 471733143
435 354687600
436 1189204411
437 2087692244
438 1898706641
439 1694450019
440 1327353280
441 2069905917
442 737719316
443 83382920
444 813680025
445 1795806824
446 1857841288
447 952074490
448 544004019
449 1814711910
450 770955157
451 1112152012
452 288927638
453 155193115
454 218944353
455 664380851
456 410426491
457 1225598797
458 315752840
459 348393192
460 570087924
461 1703419702
462 1737564706
463 1904035998
464 240763975
465 1983570017
466 39829735
467 1648665133
468 2042998410
469 1047047072
470 161982987
471 1471572409
472 1115131914
473 163425154
474 284020410
475 468062441
476 393614341
477 1768886969
478 1944953528
479 1820611422
480 74275946
481 161666643
482 677748940
483 1371775089
484 1546094837
485 597907536
486 1422510801
487 380577718
488 870806335
489 360101453
490 1220627495
491 2052374370
492 1645184336
493 1850417784
494 2123677388
495 556825382
496 1881881683
497 1983695099
498 469030487
499 306164615
500 1378599221
501 330505875
502 237619649
503 1849021080
504 1568115052
505 1465779206
506 535925659
507 514285730
508 1073972165
509 1055275430
510 887671530
511 1877248902
512 245186727
513 1508745775
514 480849335
515 487204204
516 2125741813
517 1538993548
518 842488286
519 101460554
520 1748422875
521 1614663065
522 77876673
523 1377114046
524 228531888
525 256913693
526 1967501808
527 1403059823
528 2059232942
529 1102427758
530 220105138
531 1088616562
532 1774541853
533 1573776112
534 1085906225
535 1987583384
536 1927118150
537 481626516
538 1605680963
539 1636851574
540 780720594
541 814986036
542 151549233
543 881690197
544 741385641
545 800396468
546 1010608397
547 871505809
548 465596917
549 356967922
550 740696087
551 99482858
552 381525987
553 1387691782
554 1083075737
555 1054655583
556 2029979174
557 1420668087
558 2000017049
559 917813945
560 1735485123
561 1485215723
562 1868814259
563 104203367
564 1057115812
565 1506542128
566 601391340
567 1140881145
568 938451562
569 1251881903
570 20722715
571 1989897009
572 309283176
573 1404186860
574 343630861
575 2012190349
576 420070408
577 2026160804
578 2086728185
579 941898737
580 1402070575
581 961004116
582 2046999480
583 521491535
584 1095363523
585 709084832
586 166261498
587 902376044
588 1211550292
589 234173947
590 1082675425
591 1153879776
592 1915953214
593 356774683
594 44436821
595 997934752
596 356928864
597 1390553848
598 1328252869
599 1676412439
600 256050261
601 568670296
602 1749441385
603 176506136
604 1605206951
605 130613609
606 790656778
607 846380664
608 1722664790
609 1301787188
610 1011365654
611 904594096
612 433753598
613 1462268956
614 1478363754
615 1731390859
616 673453462
617 613897336
618 1311719306
619 1204842896
620 1570442118
621 233211928
622 1307245736
623 1067076765
624 92382947
625 2078748067
626 1323413207
627 53570794
628 1806134480
629 463990558
630 368004879
631 1486650317
632 182436107
633 131483505
634 402892626
635 59814862
636 22437808
637 680053220
638 51884968
639 2093635629
640 75298974
641 894196807
642 1380748814
643 802898018
644 159387837
645 873736629
646 1484694003
647 1292077589
648 56060556
649 68544718
650 1204732077
651 1913037376
652 1386637834
653 2079285630
654 1860480438
655 179974634
656 1800685829
657 13872838
658 544301600
659 1822516683
660 1881696787
661 669317639
662 1220638861
663 1901461595
664 55653802
665 1210713905
666 2137207848
667 1389566293
668 541567462
669 697825459
670 767884854
671 1945019397
672 1751441147
673 1175899789
674 2061193333
675 1306283554
676 201919523
677 1605785016
678 2076117944
679 2002223412
680 688616528
681 381452655
682 798779430
683 1022386718
684 1458153311
685 1241679936
686 193025220
687 1307189053
688 168287376
689 989520647
690 880299883
691 589751349
692 414176951
693 1489152764
694 1559177922
695 2097106432
696 1241504605
697 737668715
698 381839688
699 68973093
700 1046900315
701 386842317
702 2136225798
703 361636710
704 655910060
705 513517344
706 1565984408
707 1806816775
708 587920798
709 326225756
710 1779541438
711 761161163
712 1544199193
713 2027377004
714 1369238908
715 941701945
716 407613439
717 1777634952
718 1769676338
719 1143924306
720 793620976
721 1868528213
722 1031299869
723 1278936114
724 1607393891
725 1603084439
726 2129008823
727 444877418
728 1843230215
729 1678822042
730 1411404699
731 1953371244
732 1126630376
733 1439999341
734 479126440
735 1255172354
736 5137139
737 1436892750
738 452238770
739 1599275641
740 954656660
741 1364416053
742 839822723
743 1785737832
744 1366233754
745 1143159094
746 304027842
747 415545704
748 1703779603
749 555819368
750 860168086
751 1996102423
752 1608035616
753 1300724477
754 1536698027
755 1098974241
756 2012094254
757 170458499
758 1469224228
759 20944896
760 1523266963
761 1084539375
762 729972770
763 653215808
764 1166431384
765 62566947
766 267874851
767 2038454263
768 1927886505
769 560596504
770 325240354
771 83657394
772 380754476
773 1834446676
774 1894622962
775 248682159
776 322528798
777 1445826497
778 1273632234
779 690492408
780 963229112
781 778450629
782 116700769
783 193593267
784 343186127
785 1562991076
786 1025886211
787 1693930631
788 611795170
789 1914011813
790 2098957585
791 1521684971
792 777185186
793 1520683126
794 605820062
795 1375294749
796 536198824
797 1979640056
798 1908599220
799 835742904
800 2064177630
801 279506873
802 909651962
803 187335382
804 766490482
805 431544664
806 1418103781
807 1837458233
808 2038464589
809 1401788101
810 1722645171
811 1469052754
812 148239418
813 232988758
814 110775425
815 1867082425
816 743353979
817 1152451091
818 795805073
819 252792337
820 1106995715
821 437422916
822 1342166981
823 1912565
824 249037805
825 2117802466
826 1808637830
827 617574224
828 975007194
829 1690705543
830 1152169326
831 2043439146
832 1217864148
833 2139428523
834 1725163943
835 1797363957
836 1872008095
837 760093026
838 463023145
839 405128723
840 467794680
841 541178482
842 579499370
843 1546688619
844 950168268
845 1657508445
846 1023930127
847 337281049
848 1513837973
849 1242914447
850 799477039
851 1021625046
852 915734700
853 761180879
854 2042048777
855 1528620913
856 1145920133
857 105797683
858 1331899836
859 1554107213
860 1849126792
861 327193947
862 78784375
863 1046863639
864 51677445
865 141525470
866 138493298
867 1963374325
868 26102844
869 1013751593
870 196881898
871 1134731545
872 1995506189
873 188407342
874 710783999
875 1748077413
876 428761812
877 672141818
878 813687178
879 759844672
880 2130397662
881 924439422
882 899490475
883 1019701435
884 875535374
885 243028703
886 959866062
887 444207988
888 1893460627
889 1814297068
890 115878641
891 150618414
892 1769274852
893 1640279003
894 1454966214
895 103069196
896 618980396
897 942401810
898 280633497
899 55193586
900 1061879178
901 884141685
902 2026087348
903 694175422
904 1801578187
905 1557403436
906 1938797925
907 815370611
908 971163494
909 1406656354
910 454439094
911 192566919
912 2138592632
913 930060448
914 1829122230
915 1728445154
916 1804901589
917 2096292293
918 1370035997
919 433028199
920 219382431
921 1628081521
922 1160974289
923 2010760705
924 1981017479
925 2053380486
926 1580607162
927 1279522287
928 2054114794
929 1167607880
930 2061820062
931 1330111208
932 1555618252
933 26575330
934 1390165880
935 245867672
936 2131065881
937 20075867
938 585641664
939 1128801088
940 1306584011
941 821322762
942 2030599804
943 1470472949
944 1542928885
945 107697323
946 314479396
947 699508076
948 157552337
949 719289767
950 2094118600
951 788536900
952 381045010
953 2141598989
954 218733682
955 594543720
956 2065389773
957 1436803843
958 359830424
959 560150826
960 222770659
961 1790217570
962 813458340
963 157899621
964 2096241584
965 5947157
966 2094945908
967 1150436595
968 1148354100
969 299531941
970 1798994706
971 1837383373
972 1126083267
973 1802534158
974 1405272834
975 526640279
976 593428644
977 1946629944
978 1321238252
979 565275331
980 31543762
981 1735793744
982 1952645041
983 1699438817
984 1713094942
985 710177846
986 1490344792
987 1233174572
988 123586954
989 1558294158
990 1915662233
991 1860137371
992 1295646591
993 223997165
994 810997055
995 833800391
996 1372734726
997 601304377
998 1495970766
999 1089457620
1000 1574353540
1001 1534607334
1002 1223581613
1003 209168266
1004 1672196500
1005 1105331572
1006 800427675
1007 1112256888
1008 1112410766
1009 1998248698
1010 1318656639
1011 495130843
1012 591515434
1013 1334209447
1014 794229833
1015 1509701838
1016 1236303712
1017 2042489044
1018 1713020439
1019 1538531379
1020 414850746
1021 62056418
1022 180585274
1023 1292783712
1024 1668027236
1025 468681176
1026 454399524
1027 1587757228
1028 2006028135
1029 1513329688
1030 1387021094
1031 1968518456
1032 714693741
1033 1406774158
1034 324000457
1035 426358457
1036 634955835
1037 1916157374
1038 55538871
1039 296571574
1040 1314569537
1041 751192899
1042 823292464
1043 1279898223
1044 1411922171
1045 1467253514
1046 330519413
1047 990018795
1048 141447188
1049 832576645
1050 1818468393
1051 1429144097
1052 1622403302
1053 2028180794
1054 1526215384
1055 1880264992
1056 165984316
1057 739065937
1058 266048885
1059 493899730
1060 705021386
1061 833470324
1062 473881951
1063 707514295
1064 1297380799
1065 1039690202
1066 172391
1067 1126965630
1068 453506848
1069 1899200016
1070 266077900
1071 2029511902
1072 1036779178
1073 1949162113
1074 1776295062
1075 436580759
1076 1012979270
1077 595877986
1078 1399295954
1079 1158211951
1080 40878580
1081 1587701219
1082 1937911723
1083 311320310
1084 1376656733
1085 939859513
1086 1963437104
1087 1401577754
1088 952266739
1089 2088559749
1090 2040733631
1091 1001887782
1092 1662317869
1093 486312836
1094 886928303
1095 1196043968
1096 565198859
1097 1715926333
1098 995754618
1099 57445890
1100 402480846
1101 478781957
1102 1441478460
1103 2042245131
1104 1220023481
1105 1067587709
1106 225816891
1107 1848149550
1108 732202176
1109 1790613409
1110 90003568
1111 1635932041
1112 262819330
1113 203642374
1114 818166250
1115 825569842
1116 659363936
1117 706862040
1118 1199207568
1119 530979731
1120 1704509645
1121 95134722
1122 196994273
1123 970678167
1124 369854855
1125 1286652570
1126 498993436
1127 1394065963
1128 1031434003
1129 460465502
1130 804402153
1131 1675206972
1132 1710163046
1133 1730724285
1134 65733328
1135 1491778060
1136 1701286992
1137 1863669735
1138 1447289016
1139 1991915185
1140 1640552232
1141 1502898776
1142 764100153
1143 409897480
1144 136537546
1145 1127178565
1146 278183881
1147 1360224115
1148 619710391
1149 827580288
1150 889079052
1151 1593160272
1152 71171770
1153 131580614
1154 958361921
1155 1338165817
1156 102452419
1157 899068344
1158 973637998
1159 1187605224
1160 826286988
1161 374207200
1162 1786429928
1163 614137703
1164 1834113268
1165 1355272645
1166 1003972681
1167 974449520
1168 1761596048
1169 311274790
1170 1430850981
1171 1103141363
1172 1464440459
1173 945551450
1174 120887606
1175 166805541
1176 590578057
1177 1099756131
1178 71387366
1179 154995690
1180 239158139
1181 1106585636
1182 450483083
1183 1569330257
1184 1433718576
1185 1557593161
1186 874638789
1187 1685746183
1188 480454331
1189 1506397328
1190 859373221
1191 867014436
1192 1263358243
1193 1537288298
1194 607104493
1195 387812431
1196 104440958
1197 1833961286
1198 241344422
1199 2144999360
1200 943352658
1201 711886791
1202 398593225
1203 1930342025
1204 69860662
1205 1930406191
1206 1164302458
1207 1219614305
1208 72136496
1209 1974342092
1210 120484322
1211 1542570560
1212 543712396
1213 1471767905
1214 1201657645
1215 190319101
1216 1136722644
1217 818905530
1218 2086209734
1219 1368999789
1220 615617892
1221 559058968
1222 2043036764
1223 2003687245
1224 14777772
1225 1234575647
1226 1751747899
1227 670258246
1228 967863970
1229 374702456
1230 1967802678
1231 1318876718
1232 1641223045
1233 1142636558
1234 3043538
1235 1184588809
1236 1607704598
1237 496761716
1238 383233873
1239 1716500464
1240 1007528913
1241 615217616
1242 1903749862
1243 1673322896
1244 1216081577
1245 263403106
1246 1481833563
1247 1568490153
1248 1134606514
1249 325909119
1250 1290066937
1251 662569379
1252 943341415
1253 595505569
1254 144166096
1255 364770603
1256 72496448
1257 1956882986
1258 215418249
1259 1204901339
1260 1033258304
1261 848971898
1262 1532540390
1263 1789226999
1264 1548162626
1265 1725759671
1266 1879744492
1267 370665254
1268 200226018
1269 59646943
1270 1108954603
1271 949285838
1272 1182353827
1273 2019797884
1274 1856780071
1275 231908264
1276 680525841
1277 318842615
1278 5216279
1279 1805388699
1280 740191778
1281 437468490
1282 433935156
1283 808577020
1284 1548580135
1285 1855759244
1286 922331371
1287 79625933
1288 1196641268
1289 1510825894
1290 722258440
1291 589466225
1292 1098963564
1293 81818632
1294 168397017
1295 1707559987
1296 1168461607
1297 765932174
1298 1793476657
1299 1336853235
1300 1020023806
1301 2065204071
1302 2104564107
1303 2017680525
1304 126219244
1305 401533797
1306 1038902298
1307 580138909
1308 1197623752
1309 1880983659
1310 1749690316
1311 1961956996
1312 463176503
1313 64558329
1314 1812799568
1315 1143251273
1316 542446843
1317 304039574
1318 1022759266
1319 393298478
1320 1078729630
1321 1539222189
1322 1057553729
1323 136261475
1324 983817135
1325 671501970
1326 1080085490
1327 1315711976
1328 1675679291
1329 871227609
1330 1267724637
1331 223339427
1332 973332474
1333 526481049
1334 352166444
1335 124407944
1336 1469129681
1337 40037358
1338 497123215
1339 420038149
1340 623395381
1341 230535824
1342 1791347776
1343 1865545314
1344 219108848
1345 1918956590
1346 1170765810
1347 2143564681
1348 181133742
1349 100254891
1350 856394870
1351 898760266
1352 1702987958
1353 1390387197
1354 319207636
1355 1446714360
1356 814597555
1357 40805279
1358 1813531538
1359 777565192
1360 642882092
1361 1104800125
1362 1536715621
1363 992837048
1364 1181186489
1365 739006826
1366 1336567047
1367 263458145
1368 112532803
1369 365952385
1370 1793712514
1371 1607656479
1372 320256345
1373 834199287
1374 1966599221
1375 122554768
1376 1202516667
1377 1855016131
1378 1841148567
1379 1576102114
1380 1082181284
1381 835260546
1382 1588288556
1383 19481229
1384 1682180010
1385 1673456863
1386 893350439
1387 1723941620
1388 562843446
1389 789067761
1390 1623356726
1391 887450767
1392 590374593
1393 1721022287
1394 2134901475
1395 1780796103
1396 1318611235
1397 421579619
1398 2079871502
1399 1257388696
1400 1204003576
1401 586175691
1402 238977967
1403 1072180856
1404 1916228012
1405 310828716
1406 1519333201
1407 246441774
1408 1383161720
1409 35000776
1410 1008259889
1411 891576838
1412 1921120441
1413 443797710
1414 2054291652
1415 2105562515
1416 1109489446
1417 1549781579
1418 1094475715
1419 927139703
1420 693432754
1421 331327939
1422 1001512897
1423 1101725160
1424 981980110
1425 1927720052
1426 1242653002
1427 1747097982
1428 429038314
1429 1147015302
1430 18725599
1431 2096053182
1432 1390986460
1433 1192521374
1434 1310533125
1435 89762889
1436 683383059
1437 1450843203
1438 324284192
1439 284954714
1440 1755127860
1441 1293633313
1442 729752735
1443 1439802594
1444 964794867
1445 179933899
1446 428756376
1447 524045585
1448 577762540
1449 706081154
1450 170231932
1451 543724604
1452 1186053593
1453 1979388053
1454 1479308870
1455 761460017
1456 695371258
1457 1461790493
1458 315901234
1459 1479884847
1460 112749351
1461 1027027551
1462 1387149546
1463 352616166
1464 762889451
1465 42346302
1466 1845768361
1467 2014722797
1468 220966479
1469 1179583524
1470 1093064403
1471 1316987053
1472 1987899872
1473 1667169209
1474 2122945095
1475 1105912186
1476 553609209
1477 1897249032
1478 1829451100
1479 1099128268
1480 1735743743
1481 373813286
1482 96037147
1483 236160355
1484 118811934
1485 1718114381
1486 1911459028
1487 1233165319
1488 1689643677
1489 1983837798
1490 667888896
1491 584674890
1492 675448363
1493 540886414
1494 774357535
1495 1265932070
1496 586247829
1497 1381064094
1498 1077734503
1499 640394311
1500 1913609485
1501 1726465564
1502 974461470
1503 1131207468
1504 1229027322
1505 2089123039
1506 2008364178
1507 790208246
1508 440128448
1509 1315718347
1510 1897720438
1511 640650010
1512 1300741779
1513 281008741
1514 54535718
1515 1355137082
1516 1892466609
1517 1325378295
1518 925641184
1519 1314295047
1520 1824199561
1521 44906876
1522 612740619
1523 1986231164
1524 667380273
1525 669343414
1526 968544276
1527 535109562
1528 675509837
1529 1240134309
1530 2037880379
1531 665438930
1532 1350427006
1533 386527328
1534 270794692
1535 1840939901
1536 955527136
1537 726356919
1538 1245327322
1539 100390612
1540 1485508028
1541 843233140
1542 1211546213
1543 1362011521
1544 1621825681
1545 866336076
1546 1253540149
1547 1638990042
1548 1737593745
1549 1790472264
1550 7132424
1551 1720577015
1552 484254687
1553 834876420
1554 1240050683
1555 470641041
1556 1947412686
1557 151125689
1558 419631649
1559 137720840
1560 126466474
1561 1995114645
1562 1308658617
1563 1171492788
1564 1086881939
1565 813182362
1566 1677931926
1567 51179236
1568 546315615
1569 781350564
1570 476268093
1571 283737295
1572 2119099751
1573 1937145112
1574 111257622
1575 303070469
1576 938548741
1577 892889785
1578 249938663
1579 1255743794
1580 1819068881
1581 434938368
1582 1412877765
1583 1974587456
1584 132506680
1585 1437057693
1586 1120163692
1587 150832866
1588 540816209
1589 1161069419
1590 1677746976
1591 451568660
1592 1418302952
1593 1329148981
1594 1903572929
1595 1315958930
1596 3056388
1597 1049793969
1598 488246681
1599 647190041
1600 434351632
1601 1095171289
1602 1793241194
1603 871810091
1604 728188800
1605 287689054
1606 1553499750
1607 1217849801
1608 1391672244
1609 412227313
1610 1214996305
1611 590715368
1612 230935654
1613 467112373
1614 119465050
1615 1913931154
1616 1662129320
1617 46073183
1618 1520454711
1619 670397304
1620 416520162
1621 965208811
1622 1028901999
1623 108029724
1624 1767480434
1625 200512716
1626 1526209975
1627 1726448868
1628 271531683
1629 1564713543
1630 1675711797
1631 2019601065
1632 1380785882
1633 1195271128
1634 1408458038
1635 511840194
1636 837509920
1637 94247280
1638 144184897
1639 1558157637
1640 1663922643
1641 2123486355
1642 2012181808
1643 68628855
1644 1895065667
1645 246539070
1646 1946237165
1647 153976966
1648 1305082782
1649 435844460
1650 942615016
1651 907924388
1652 1810508398
1653 1409153215
1654 758132470
1655 308064979
1656 1588771807
1657 1076342755
1658 979404954
1659 1991786037
1660 98323037
1661 1977845621
1662 1235600373
1663 931436868
1664 1508005137
1665 1715738390
1666 1836975954
1667 122327799
1668 394104790
1669 1579234406
1670 1763966994
1671 290675405
1672 930737283
1673 2092606129
1674 21710436
1675 19600883
1676 50486185
1677 260072939
1678 1017230907
1679 2107741355
1680 128326483
1681 1554716
1682 852896196
1683 1223923339
1684 559518211
1685 1934875479
1686 1080325660
1687 732921565
1688 1626229673
1689 783760704
1690 1224717594
1691 1845287173
1692 1060722796
1693 1375231823
1694 1552872778
1695 1858270016
1696 1238813616
1697 2128039650
1698 204594047
1699 310128475
1700 905191031
1701 634455224
1702 193613702
1703 1875679790
1704 1809368134
1705 1045846639
1706 1004074223
1707 1274035727
1708 1832701752
1709 700414780
1710 679179639
1711 1789197323
1712 1220525031
1713 1025921593
1714 916389243
1715 1101062830
1716 504905918
1717 1347344230
1718 1567617917
1719 2092683777
1720 20919403
1721 1884466823
1722 1766965760
1723 429411149
1724 51160727
1725 643971677
1726 1141189425
1727 427877142
1728 1192038849
1729 1740869324
1730 955093664
1731 12106773
1732 1603326219
1733 1302277421
1734 1939951201
1735 1870389320
1736 1388941297
1737 1032176670
1738 1682056020
1739 1604791291
1740 902353080
1741 1908500642
1742 521026531
1743 1687317372
1744 2056874028
1745 1003388320
1746 2134351195
1747 432552053
1748 97866226
1749 1966312264
1750 130482656
1751 1700611941
1752 785308447
1753 1845088963
1754 1305065257
1755 1317157074
1756 293942413
1757 593674575
1758 1969289906
1759 894787905
1760 1391080869
1761 3919284
1762 1931879923
1763 1581602804
1764 1499673946
1765 2006665994
1766 1889925708
1767 2117559846
1768 425464370
1769 1173837757
1770 826887979
1771 1792613945
1772 807017928
1773 1525444766
1774 66959925
1775 1821862017
1776 1168531167
1777 120878539
1778 450652643
1779 145702626
1780 297441753
1781 1625493398
1782 88415255
1783 505826998
1784 222810335
1785 979098690
1786 351769325
1787 571461323
1788 1272355841
1789 831868902
1790 1295996549
1791 835557541
1792 213064401
1793 1351686733
1794 1063131063
1795 665825703
1796 1089580820
1797 618593235
1798 1267761425
1799 514111338
1800 1770296028
1801 424866295
1802 1507819740
1803 1467396355
1804 2100537124
1805 1678895267
1806 1466002009
1807 59681748
1808 946020442
1809 1720238058
1810 2099388256
1811 1524655837
1812 906939946
1813 978638095
1814 800898992
1815 355269169
1816 2023820814
1817 1981025050
1818 525284205
1819 204176443
1820 860311171
1821 1541454189
1822 1911557630
1823 1554218992
1824 1712940350
1825 186117997
1826 1674026492
1827 1250328749
1828 1500402258
1829 1408792790
1830 1513331735
1831 2053068635
1832 1561570319
1833 2016949855
1834 1149022995
1835 1815876037
1836 2053060850
1837 598145644
1838 389285831
1839 911367207
1840 1806571823
1841 2142925346
1842 878062897
1843 267247340
1844 1849248493
1845 10609731
1846 766612794
1847 2138688718
1848 1441558679
1849 776632101
1850 1665485400
1851 769768034
1852 1980747192
1853 746807869
1854 252113324
1855 7755335
1856 1171907940
1857 246580897
1858 1780035391
1859 859075502
1860 1963184622
1861 12130452
1862 64355716
1863 286745974
1864 631412312
1865 827061808
1866 243908573
1867 1764342499
1868 195512274
1869 323345191
1870 121151266
1871 124697637
1872 1791744526
1873 991373170
1874 1556749883
1875 1803068178
1876 1557321762
1877 730235266
1878 1031304179
1879 1265040054
1880 690095242
1881 1613053754
1882 1709449145
1883 1375267872
1884 891516291
1885 1177830602
1886 1493145460
1887 152033530
1888 1665474349
1889 1786207655
1890 952452981
1891 1023908770
1892 384245564
1893 694770721
1894 286677189
1895 1306092678
1896 630113211
1897 1635884364
1898 1572781092
1899 1576740584
1900 1377388596
1901 1953776347
1902 2006564431
1903 508559584
1904 237955916
1905 1265252949
1906 694079324
1907 1330925066
1908 703666077
1909 1822704770
1910 401654420
1911 1915542623
1912 1600543026
1913 2107916260
1914 294746061
1915 877226746
1916 1059238118
1917 1229758431
1918 1334071146
1919 1069581533
1920 710399043
1921 397189664
1922 365503835
1923 743576168
1924 2002039987
1925 897934421
1926 640672629
1927 1537172737
1928 975276276
1929 945099950
1930 46944509
1931 884971252
1932 467257757
1933 1364693202
1934 1826792119
1935 915742094
1936 1116950807
1937 333045121
1938 1450776479
1939 503306628
1940 1592788092
1941 1968429990
1942 31983329
1943 1030344188
1944 1421306216
1945 1277311748
1946 1935821813
1947 1929116336
1948 957095460
1949 378838434
1950 1426462138
1951 2050095265
1952 1149518278
1953 1437380490
1954 691947627
1955 2001728263
1956 467699502
1957 476939056
1958 1652700334
1959 523821799
1960 901095271
1961 858395524
1962 1876383787
1963 934511624
1964 1239978041
1965 1061213944
1966 592237092
1967 1394270350
1968 1326506172
1969 1415683189
1970 351094238
1971 1278181848
1972 2065018053
1973 1083639061
1974 1575389393
1975 137867516
1976 352267153
1977 468435499
1978 423197839
1979 28622075
1980 959760278
1981 1176760179
1982 1308679052
1983 2060651732
1984 732728334
1985 1888534779
1986 431137453
1987 1374932065
1988 1467158974
1989 570731369
1990 395141283
1991 258158746
1992 920517015
1993 933000544
1994 1368379814
1995 1752489060
1996 1506100967
1997 1625175822
1998 1736564188
1999 1086356089
2000 766764208
